1 1226.99
1 6.38804
1 6.38432
1 6.38283
1 6.38174
1 6.3809
1 6.38025
1 6.37975
1 6.37936
1 6.37906
1 6.37883
1 6.37865
1 6.3785
1 6.37838
1 6.37828
1 6.3782
1 6.37813
1 6.37807
1 6.37802
1 6.37797
1 6.37793
1 6.37789
1 6.37786
1 6.37783
1 6.3778
1 6.37777
1 6.37775
1 6.37773
1 6.37771
1 6.37769
1 6.37768
1 6.37766
1 6.37764
1 6.37763
1 6.37762
1 6.3776
1 6.37759
1 6.37758
1 6.37757
1 6.37756
1 6.37755
1 6.37754
1 6.37753
1 6.37752
1 6.37751
1 6.37751
1 6.3775
1 6.37749
1 6.37748
1 6.37748
1 6.37747
1 6.37746
1 6.37745
1 6.37745
1 6.37744
1 6.37743
1 6.37743
1 6.37742
1 6.37741
1 6.37741
1 6.3774
1 6.37739
1 6.37739
1 6.37738
1 6.37737
1 6.37737
1 6.37736
1 6.37735
1 6.37735
1 6.37734
1 6.37733
1 6.37733
1 6.37732
1 6.37731
1 6.37731
1 6.3773
1 6.37729
1 6.37728
1 6.37727
1 6.37727
1 6.37726
1 6.37725
1 6.37724
1 6.37723
1 6.37722
1 6.37721
1 6.37721
1 6.3772
1 6.37719
1 6.37718
1 6.37717
1 6.37715
1 6.37714
1 6.37713
1 6.37712
1 6.37711
1 6.3771
1 6.37709
1 6.37707
1 6.37706
1 6.37705
1 6.37703
1 6.37702
1 6.37701
1 6.37699
1 6.37698
1 6.37696
1 6.37694
1 6.37693
1 6.37691
1 6.37689
1 6.37688
1 6.37686
1 6.37684
1 6.37682
1 6.3768
1 6.37678
1 6.37676
1 6.37674
1 6.37672
1 6.37669
1 6.37667
1 6.37665
1 6.37662
1 6.3766
1 6.37657
1 6.37654
1 6.37652
1 6.37649
1 6.37646
1 6.37643
1 6.3764
1 6.37637
1 6.37633
1 6.3763
1 6.37627
1 6.37623
1 6.3762
1 6.37616
1 6.37612
1 6.37608
1 6.37604
1 6.376
1 6.37596
1 6.37592
1 6.37587
1 6.37582
1 6.37578
1 6.37573
1 6.37568
1 6.37563
1 6.37558
1 6.37552
1 6.37547
1 6.37541
1 6.37535
1 6.37529
1 6.37523
1 6.37517
1 6.3751
1 6.37504
1 6.37497
1 6.3749
1 6.37483
1 6.37475
1 6.37468
1 6.3746
1 6.37452
1 6.37444
1 6.37436
1 6.37427
1 6.37418
1 6.37409
1 6.374
1 6.37391
1 6.37381
1 6.37371
1 6.37361
1 6.3735
1 6.3734
1 6.37329
1 6.37318
1 6.37306
1 6.37295
1 6.37282
1 6.3727
1 6.37258
1 6.37245
1 6.37232
1 6.37218
1 6.37204
1 6.3719
1 6.37176
1 6.37161
1 6.37146
1 6.37131
1 6.37115
1 6.37099
1 6.37083
1 6.37066
1 6.37049
1 6.37031
1 6.37014
1 6.36996
1 6.36977
1 6.36958
1 6.36939
1 6.3692
1 6.369
1 6.36879
1 6.36859
1 6.36838
1 6.36816
1 6.36794
1 6.36772
1 6.3675
1 6.36727
1 6.36704
1 6.3668
1 6.36656
1 6.36632
1 6.36607
1 6.36582
1 6.36556
1 6.3653
1 6.36504
1 6.36478
1 6.36451
1 6.36424
1 6.36396
1 6.36368
1 6.3634
1 6.36312
1 6.36283
1 6.36254
1 6.36225
1 6.36195
1 6.36165
1 6.36135
1 6.36104
1 6.36074
1 6.36043
1 6.36012
1 6.35981
1 6.35949
1 6.35917
1 6.35885
1 6.35853
1 6.35821
1 6.35789
1 6.35757
1 6.35724
1 6.35691
1 6.35659
1 6.35626
1 6.35593
1 6.3556
1 6.35527
1 6.35494
1 6.35461
1 6.35428
1 6.35395
1 6.35362
1 6.35329
1 6.35296
1 6.35263
1 6.35231
1 6.35198
1 6.35165
1 6.35133
1 6.351
1 6.35068
1 6.35036
1 6.35004
1 6.34972
1 6.3494
1 6.34908
1 6.34877
1 6.34845
1 6.34814
1 6.34783
1 6.34752
1 6.34721
1 6.3469
1 6.3466
1 6.34629
1 6.34599
1 6.34569
1 6.34539
1 6.34509
1 6.3448
1 6.3445
1 6.34421
1 6.34392
1 6.34362
1 6.34333
1 6.34304
1 6.34276
1 6.34247
1 6.34218
1 6.3419
1 6.34161
1 6.34132
1 6.34104
1 6.34076
1 6.34047
1 6.34019
1 6.3399
1 6.33962
1 6.33934
1 6.33905
1 6.33877
1 6.33848
1 6.33819
1 6.3379
1 6.33762
1 6.33733
1 6.33703
1 6.33674
1 6.33645
1 6.33615
1 6.33585
1 6.33555
1 6.33525
1 6.33495
1 6.33464
1 6.33433
1 6.33402
1 6.33371
1 6.33339
1 6.33307
1 6.33274
1 6.33242
1 6.33208
1 6.33175
1 6.33141
1 6.33107
1 6.33072
1 6.33037
1 6.33001
1 6.32965
1 6.32929
1 6.32892
1 6.32854
1 6.32816
1 6.32778
1 6.32739
1 6.32699
1 6.32659
1 6.32618
1 6.32577
1 6.32535
1 6.32492
1 6.32449
1 6.32405
1 6.3236
1 6.32315
1 6.32269
1 6.32223
1 6.32176
1 6.32128
1 6.32079
1 6.3203
1 6.3198
1 6.31929
1 6.31877
1 6.31825
1 6.31772
1 6.31719
1 6.31664
1 6.31609
1 6.31553
1 6.31496
1 6.31439
1 6.31381
1 6.31322
1 6.31263
1 6.31203
1 6.31142
1 6.3108
1 6.31018
1 6.30955
1 6.30892
1 6.30828
1 6.30764
1 6.30699
1 6.30633
1 6.30567
1 6.30501
1 6.30434
1 6.30366
1 6.30299
1 6.30231
1 6.30163
1 6.30094
1 6.30025
1 6.29957
1 6.29888
1 6.29819
1 6.2975
1 6.29681
1 6.29612
1 6.29543
1 6.29474
1 6.29406
1 6.29338
1 6.2927
1 6.29203
1 6.29136
1 6.29069
1 6.29003
1 6.28938
1 6.28873
1 6.28809
1 6.28746
1 6.28683
1 6.28621
1 6.2856
1 6.285
1 6.2844
1 6.28382
1 6.28324
1 6.28268
1 6.28212
1 6.28158
1 6.28104
1 6.28052
1 6.28001
1 6.27951
1 6.27901
1 6.27853
1 6.27807
1 6.27761
1 6.27716
1 6.27673
1 6.2763
1 6.27589
1 6.27548
1 6.27509
1 6.27471
1 6.27434
1 6.27398
1 6.27363
1 6.27329
1 6.27296
1 6.27264
1 6.27233
1 6.27203
1 6.27174
1 6.27146
1 6.27119
1 6.27092
1 6.27066
1 6.27042
1 6.27018
1 6.26994
1 6.26972
1 6.2695
1 6.26929
1 6.26909
1 6.26889
1 6.2687
1 6.26851
1 6.26834
1 6.26816
1 6.268
1 6.26784
1 6.26768
1 6.26753
1 6.26738
1 6.26724
1 6.26711
1 6.26697
1 6.26685
1 6.26672
1 6.26661
1 6.26649
1 6.26638
1 6.26627
1 6.26617
1 6.26606
1 6.26597
1 6.26587
1 6.26578
1 6.26569
1 6.26561
1 6.26552
1 6.26544
1 6.26536
1 6.26529
1 6.26522
1 6.26514
1 6.26508
1 6.26501
1 6.26494
1 6.26488
1 6.26482
1 6.26476
1 6.26471
1 6.26465
1 6.2646
1 6.26454
1 6.26449
1 6.26445
1 6.2644
1 6.26435
1 6.26431
1 6.26426
1 6.26422
1 6.26418
1 6.26414
1 6.2641
1 6.26407
1 6.26403
1 6.264
1 6.26396
1 6.26393
1 6.2639
1 6.26386
1 6.26383
1 6.26381
1 6.26378
1 6.26375
1 6.26372
1 6.2637
1 6.26367
1 6.26365
1 6.26362
1 6.2636
1 6.26358
1 6.26355
1 6.26353
1 6.26351
1 6.26349
1 6.26347
1 6.26345
1 6.26343
1 6.26342
1 6.2634
1 6.26338
1 6.26337
1 6.26335
1 6.26333
1 6.26332
1 6.2633
1 6.26329
1 6.26328
1 6.26326
1 6.26325
1 6.26324
1 6.26322
1 6.26321
1 6.2632
1 6.26319
1 6.26318
1 6.26317
1 6.26316
1 6.26315
1 6.26314
1 6.26313
1 6.26312
1 6.26311
1 6.2631
1 6.26309
1 6.26308
1 6.26307
1 6.26307
1 6.26306
1 6.26305
1 6.26304
1 6.26304
1 6.26303
1 6.26302
1 6.26302
1 6.26301
1 6.263
1 6.263
1 6.26299
1 6.26299
1 6.26298
1 6.26298
1 6.26297
1 6.26297
1 6.26296
1 6.26296
1 6.26295
1 6.26295
1 6.26294
1 6.26294
1 6.26293
1 6.26293
1 6.26293
1 6.26292
1 6.26292
1 6.26292
1 6.26291
1 6.26291
1 6.26291
1 6.2629
1 6.2629
1 6.2629
1 6.26289
1 6.26289
1 6.26289
1 6.26288
1 6.26288
1 6.26288
1 6.26288
1 6.26287
1 6.26287
1 6.26287
1 6.26287
1 6.26287
1 6.26286
1 6.26286
1 6.26286
1 6.26286
1 6.26285
1 6.26285
1 6.26285
1 6.26285
1 6.26285
1 6.26285
1 6.26284
1 6.26284
1 6.26284
1 6.26284
1 6.26284
1 6.26284
1 6.26284
1 6.26283
1 6.26283
1 6.26283
1 6.26283
1 6.26283
1 6.26283
1 6.26283
1 6.26283
1 6.26283
1 6.26282
1 6.26282
1 6.26282
1 6.26282
1 6.26282
1 6.26282
1 6.26282
1 6.26282
1 6.26282
1 6.26282
1 6.26282
1 6.26281
1 6.26281
1 6.26281
1 6.26281
1 6.26281
1 6.26281
1 6.26281
1 6.26281
1 6.26281
1 6.26281
1 6.26281
1 6.26281
1 6.26281
1 6.26281
1 6.26281
1 6.26281
1 6.26281
1 6.2628
1 6.2628
1 6.2628
1 6.2628
1 6.2628
1 6.2628
1 6.2628
1 6.2628
1 6.2628
1 6.2628
1 6.2628
1 6.2628
1 6.2628
1 6.2628
1 6.2628
1 6.2628
1 6.2628
1 6.2628
1 6.2628
1 6.2628
1 6.2628
1 6.2628
1 6.2628
1 6.2628
1 6.2628
1 6.2628
1 6.2628
1 6.2628
1 6.2628
1 6.2628
1 6.2628
1 6.2628
1 6.2628
1 6.2628
1 6.2628
1 6.2628
1 6.26279
1 6.26279
1 6.26279
1 6.26279
1 6.26279
1 6.26279
1 6.26279
1 6.26279
1 6.26279
1 6.26279
1 6.26279
1 6.26279
1 6.26279
1 6.26279
1 6.26279
1 6.26279
1 6.26279
1 6.26279
1 6.26279
1 6.26279
1 6.26279
1 6.26279
1 6.26279
1 6.26279
1 6.26279
1 6.26279
1 6.26279
1 6.26279
1 6.26279
1 6.26279
1 6.26279
1 6.26279
1 6.26279
1 6.26279
1 6.26279
1 6.26279
1 6.26279
1 6.26279
1 6.26279
1 6.26279
1 6.26279
1 6.26279
1 6.26279
1 6.26279
1 6.26279
1 6.26279
1 6.26279
1 6.26279
1 6.26279
1 6.26279
1 6.26279
1 6.26279
1 6.26279
1 6.26279
1 6.26279
1 6.26279
1 6.26279
1 6.26279
1 6.26279
1 6.26279
1 6.26279
1 6.26279
1 6.26279
1 6.26279
1 6.26279
1 6.26279
1 6.26279
1 6.26279
1 6.26279
1 6.26279
1 6.26279
1 6.26279
1 6.26279
1 6.26279
1 6.26279
1 6.26279
1 6.26279
1 6.26279
1 6.26279
1 6.26279
1 6.26279
1 6.26279
1 6.26279
1 6.26279
1 6.26279
1 6.26279
1 6.26279
1 6.26279
1 6.26279
1 6.26279
1 6.26279
1 6.26279
1 6.26279
1 6.26279
1 6.26279
1 6.26279
1 6.26279
1 6.26279
1 6.26279
1 6.26279
1 6.26279
1 6.26279
1 6.26279
1 6.26279
1 6.26279
1 6.26279
1 6.26279
1 6.26279
1 6.26279
1 6.26279
1 6.26279
1 6.26279
1 6.26279
1 6.26279
1 6.26279
1 6.26279
1 6.26279
1 6.26279
1 6.26279
1 6.26279
1 6.26279
1 6.26279
1 6.26279
1 6.26279
1 6.26279
1 6.26279
1 6.26279
1 6.26279
1 6.26279
1 6.26279
1 6.26279
1 6.26279
1 6.26279
1 6.26279
1 6.26279
1 6.26279
1 6.26279
1 6.26279
1 6.26279
1 6.26279
1 6.26279
1 6.26279
1 6.26279
1 6.26279
1 6.26279
1 6.26279
1 6.26279
1 6.26279
1 6.26279
1 6.26279
1 6.26279
1 6.26279
1 6.26279
1 6.26279
1 6.26279
1 6.26279
1 6.26279
1 6.26279
1 6.26279
1 6.26279
1 6.26279
1 6.26279
1 6.26279
1 6.26279
1 6.26279
1 6.26279
1 6.26279
1 6.26279
1 6.26279
1 6.26279
1 6.26279
1 6.26279
1 6.26279
1 6.26279
1 6.26279
1 6.26279
1 6.2628
1 6.2628
1 6.2628
1 6.2628
1 6.2628
1 6.2628
1 6.2628
1 6.2628
1 6.2628
1 6.2628
1 6.2628
1 6.2628
1 6.2628
1 6.2628
1 6.2628
1 6.2628
1 6.2628
1 6.2628
1 6.2628
1 6.2628
1 6.2628
1 6.2628
1 6.2628
1 6.2628
1 6.2628
1 6.2628
1 6.2628
1 6.2628
1 6.2628
1 6.2628
1 6.2628
1 6.2628
1 6.2628
1 6.2628
1 6.2628
1 6.2628
1 6.2628
1 6.2628
1 6.2628
1 6.2628
1 6.2628
1 6.2628
1 6.2628
1 6.2628
1 6.2628
1 6.2628
1 6.2628
1 6.2628
1 6.2628
1 6.2628
1 6.2628
1 6.2628
1 6.2628
1 6.2628
1 6.2628
1 6.2628
1 6.2628
1 6.2628
1 6.2628
1 6.2628
1 6.2628
1 6.2628
1 6.2628
1 6.2628
1 6.2628
1 6.2628
1 6.2628
1 6.2628
1 6.2628
1 6.2628
1 6.2628
1 6.2628
1 6.2628
1 6.2628
1 6.2628
1 6.2628
1 6.2628
1 6.2628
1 6.2628
1 6.2628
1 6.2628
1 6.2628
1 6.2628
1 6.2628
1 6.2628
1 6.2628
1 6.2628
1 6.2628
1 6.2628
1 6.2628
1 6.2628
1 6.2628
1 6.2628
1 6.2628
1 6.2628
1 6.2628
1 6.2628
1 6.2628
1 6.2628
1 6.2628
1 6.2628
1 6.2628
1 6.2628
1 6.2628
1 6.2628
1 6.2628
1 6.2628
1 6.2628
1 6.2628
1 6.2628
1 6.2628
1 6.2628
1 6.2628
1 6.2628
1 6.2628
1 6.2628
1 6.2628
1 6.2628
1 6.2628
1 6.2628
1 6.2628
1 6.2628
1 6.2628
1 6.2628
1 6.2628
1 6.2628
1 6.2628
1 6.2628
1 6.2628
1 6.2628
1 6.2628
1 6.2628
1 6.2628
1 6.2628
1 6.2628
1 6.2628
1 6.2628
1 6.2628
1 6.2628
1 6.2628
1 6.2628
1 6.2628
1 6.2628
1 6.2628
1 6.2628
1 6.2628
1 6.2628
1 6.2628
1 6.2628
1 6.2628
1 6.2628
1 6.2628
1 6.2628
1 6.2628
1 6.2628
1 6.2628
1 6.2628
1 6.2628
1 6.2628
1 6.2628
1 6.2628
1 6.2628
1 6.2628
1 6.2628
1 6.2628
1 6.2628
1 6.2628
1 6.2628
1 6.2628
1 6.2628
1 6.2628
1 6.2628
1 6.2628
1 6.2628
1 6.2628
1 6.2628
1 6.2628
1 6.2628
1 6.2628
1 6.2628
1 6.2628
1 6.2628
1 6.2628
1 6.2628
1 6.2628
1 6.2628
1 6.2628
1 6.2628
1 6.2628
1 6.2628
1 6.2628
1 6.2628
1 6.2628
1 6.2628
1 6.2628
1 6.2628
1 6.2628
1 6.2628
1 6.2628
1 6.2628
1 6.2628
1 6.2628
1 6.2628
1 6.2628
1 6.2628
1 6.2628
1 6.2628
1 6.2628
1 6.2628
1 6.2628
1 6.2628
1 6.2628
1 6.2628
1 6.2628
1 6.2628
1 6.2628
1 6.2628
1 6.2628
1 6.2628
1 6.2628
1 6.2628
1 6.2628
1 6.2628
1 6.2628
1 6.2628
1 6.2628
1 6.2628
1 6.2628
1 6.2628
1 6.2628
1 6.2628
1 6.2628
1 6.2628
1 6.2628
1 6.2628
1 6.2628
1 6.2628
1 6.2628
1 6.2628
1 6.2628
1 6.2628
1 6.2628
1 6.2628
1 6.2628
1 6.2628
1 6.2628
1 6.2628
1 6.2628
1 6.2628
1 6.2628
1 6.2628
1 6.2628
1 6.2628
1 6.2628
1 6.2628
1 6.2628
1 6.2628
1 6.2628
1 6.2628
1 6.2628
1 6.2628
1 6.2628
1 6.2628
1 6.2628
1 6.2628
1 6.2628
1 6.2628
1 6.26281
1 6.26281
1 6.26281
1 6.26281
1 6.26281
1 6.26281
1 6.26281
1 6.26281
1 6.26281
1 6.26281
1 6.26281
1 6.26281
1 6.26281
1 6.26281
1 6.26281
1 6.26281
1 6.26281
1 6.26281
1 6.26281
1 6.26281
1 6.26281
1 6.26281
1 6.26281
1 6.26281
1 6.26281
1 6.26281
1 6.26281
1 6.26281
1 6.26281
1 6.26281
1 6.26281
1 6.26281
1 6.26281
1 6.26281
1 6.26281
1 6.26281
1 6.26281
1 6.26281
1 6.26281
1 6.26281
1 6.26281
1 6.26281
1 6.26281
1 6.26281
1 6.26281
1 6.26281
1 6.26281
1 6.26281
1 6.26281
1 6.26281
1 6.26281
1 6.26281
1 6.26281
1 6.26281
1 6.26281
1 6.26281
1 6.26281
1 6.26281
1 6.26281
1 6.26281
1 6.26281
1 6.26281
1 6.26281
1 6.26281
1 6.26281
1 6.26281
1 6.26281
1 6.26281
1 6.26281
1 6.26281
1 6.26281
1 6.26281
1 6.26281
1 6.26281
1 6.26281
1 6.26281
1 6.26281
1 6.26281
1 6.26281
1 6.26281
1 6.26281
1 6.26281
1 6.26281
1 6.26281
1 6.26281
1 6.26281
1 6.26281
1 6.26281
1 6.26281
1 6.26281
1 6.26281
1 6.26281
1 6.26281
1 6.26281
1 6.26281
1 6.26281
1 6.26281
1 6.26281
1 6.26281
1 6.26281
1 6.26281
1 6.26281
1 6.26281
1 6.26281
1 6.26281
1 6.26281
1 6.26281
1 6.26281
1 6.26281
1 6.26281
1 6.26281
1 6.26281
1 6.26281
1 6.26281
1 6.26281
1 6.26281
1 6.26281
1 6.26281
1 6.26281
1 6.26281
1 6.26281
1 6.26281
1 6.26281
1 6.26281
1 6.26281
1 6.26281
1 6.26281
1 6.26281
1 6.26281
1 6.26281
1 6.26281
1 6.26281
1 6.26281
1 6.26281
1 6.26281
1 6.26281
1 6.26281
1 6.26281
1 6.26281
1 6.26281
1 6.26281
1 6.26281
1 6.26281
1 6.26281
1 6.26281
1 6.26281
1 6.26281
1 6.26281
1 6.26281
1 6.26281
1 6.26281
1 6.26281
1 6.26281
1 6.26281
1 6.26281
1 6.26281
1 6.26281
1 6.26281
1 6.26281
1 6.26281
1 6.26281
1 6.26281
1 6.26281
1 6.26281
1 6.26281
1 6.26281
1 6.26281
1 6.26281
1 6.26281
1 6.26281
1 6.26281
1 6.26281
1 6.26281
1 6.26281
1 6.26281
1 6.26281
1 6.26281
1 6.26281
1 6.26281
1 6.26281
1 6.26281
1 6.26281
1 6.26281
1 6.26281
1 6.26281
1 6.26281
1 6.26281
1 6.26281
1 6.26281
1 6.26281
1 6.26281
1 6.26281
1 6.26281
1 6.26281
1 6.26281
1 6.26281
1 6.26281
1 6.26281
1 6.26281
1 6.26281
1 6.26281
1 6.26281
1 6.26281
1 6.26281
1 6.26281
1 6.26281
1 6.26281
1 6.26281
1 6.26281
1 6.26281
1 6.26281
1 6.26281
1 6.26281
1 6.26281
1 6.26281
1 6.26281
1 6.26281
1 6.26281
1 6.26281
1 6.26281
1 6.26281
1 6.26281
1 6.26281
1 6.26281
1 6.26281
1 6.26281
1 6.26281
1 6.26281
1 6.26281
1 6.26281
1 6.26281
1 6.26281
1 6.26281
1 6.26281
1 6.26281
1 6.26281
1 6.26281
1 6.26281
1 6.26281
1 6.26281
1 6.26281
1 6.26281
1 6.26281
1 6.26281
1 6.26281
1 6.26281
1 6.26281
1 6.26281
1 6.26281
1 6.26281
1 6.26281
1 6.26281
1 6.26281
1 6.26281
1 6.26281
1 6.26281
1 6.26281
1 6.26281
1 6.26281
1 6.26281
1 6.26281
1 6.26281
1 6.26281
1 6.26281
1 6.26281
1 6.26282
1 6.26282
1 6.26282
1 6.26282
1 6.26282
1 6.26282
1 6.26282
1 6.26282
1 6.26282
1 6.26282
1 6.26282
1 6.26282
1 6.26282
1 6.26282
1 6.26282
1 6.26282
1 6.26282
1 6.26282
1 6.26282
1 6.26282
1 6.26282
1 6.26282
1 6.26282
1 6.26282
1 6.26282
1 6.26282
1 6.26282
1 6.26282
1 6.26282
1 6.26282
1 6.26282
1 6.26282
1 6.26282
1 6.26282
1 6.26282
1 6.26282
1 6.26282
1 6.26282
1 6.26282
1 6.26282
1 6.26282
1 6.26282
1 6.26282
1 6.26282
1 6.26282
1 6.26282
1 6.26282
1 6.26282
1 6.26282
1 6.26282
1 6.26282
1 6.26282
1 6.26282
1 6.26282
1 6.26282
1 6.26282
1 6.26282
1 6.26282
1 6.26282
1 6.26282
1 6.26282
1 6.26282
1 6.26282
1 6.26282
1 6.26282
1 6.26282
1 6.26282
1 6.26282
1 6.26282
1 6.26282
1 6.26282
1 6.26282
1 6.26282
1 6.26282
1 6.26282
1 6.26282
1 6.26282
1 6.26282
1 6.26282
1 6.26282
1 6.26282
1 6.26282
1 6.26282
1 6.26282
1 6.26282
1 6.26282
1 6.26282
1 6.26282
1 6.26282
1 6.26282
1 6.26282
1 6.26282
1 6.26282
1 6.26282
1 6.26282
1 6.26282
1 6.26282
1 6.26282
1 6.26282
1 6.26282
1 6.26282
1 6.26282
1 6.26282
1 6.26282
1 6.26282
1 6.26282
1 6.26282
1 6.26282
1 6.26282
1 6.26282
1 6.26282
1 6.26282
1 6.26282
1 6.26282
1 6.26282
1 6.26282
1 6.26282
1 6.26282
1 6.26282
1 6.26282
1 6.26282
1 6.26282
1 6.26282
1 6.26282
1 6.26282
1 6.26282
1 6.26282
1 6.26282
1 6.26282
1 6.26282
1 6.26282
1 6.26282
1 6.26282
1 6.26282
1 6.26282
1 6.26282
1 6.26282
1 6.26282
1 6.26282
1 6.26282
1 6.26282
1 6.26282
1 6.26282
1 6.26282
1 6.26282
1 6.26282
1 6.26282
1 6.26282
1 6.26282
1 6.26282
1 6.26282
1 6.26282
1 6.26282
1 6.26282
1 6.26282
1 6.26282
1 6.26282
1 6.26282
1 6.26282
1 6.26282
1 6.26282
1 6.26282
1 6.26282
1 6.26282
1 6.26282
1 6.26282
1 6.26282
1 6.26282
1 6.26282
1 6.26282
1 6.26282
1 6.26282
1 6.26282
1 6.26282
1 6.26282
1 6.26282
1 6.26282
1 6.26282
1 6.26282
1 6.26282
1 6.26282
1 6.26282
1 6.26282
1 6.26282
1 6.26282
1 6.26282
1 6.26282
1 6.26282
1 6.26282
1 6.26282
1 6.26282
1 6.26282
1 6.26282
1 6.26282
1 6.26282
1 6.26282
1 6.26282
1 6.26282
1 6.26282
1 6.26282
1 6.26282
1 6.26282
1 6.26282
1 6.26282
1 6.26282
1 6.26282
1 6.26282
1 6.26282
1 6.26282
1 6.26282
1 6.26282
1 6.26282
1 6.26282
1 6.26282
1 6.26282
1 6.26282
1 6.26282
1 6.26282
1 6.26282
1 6.26282
1 6.26282
1 6.26282
1 6.26282
1 6.26282
1 6.26282
1 6.26282
1 6.26282
1 6.26282
1 6.26282
1 6.26282
1 6.26282
1 6.26282
1 6.26282
1 6.26282
1 6.26282
1 6.26282
1 6.26282
1 6.26282
1 6.26282
1 6.26282
1 6.26282
1 6.26282
1 6.26282
1 6.26282
1 6.26282
1 6.26282
1 6.26282
1 6.26282
1 6.26282
1 6.26282
1 6.26282
1 6.26282
1 6.26282
1 6.26282
1 6.26282
1 6.26282
1 6.26282
1 6.26282
1 6.26282
1 6.26282
1 6.26282
1 6.26282
1 6.26282
1 6.26282
1 6.26282
1 6.26282
1 6.26283
1 6.26283
1 6.26283
1 6.26283
1 6.26283
1 6.26283
1 6.26283
1 6.26283
1 6.26283
1 6.26283
1 6.26283
1 6.26283
1 6.26283
1 6.26283
1 6.26283
1 6.26283
1 6.26283
1 6.26283
1 6.26283
1 6.26283
1 6.26283
1 6.26283
1 6.26283
1 6.26283
1 6.26283
1 6.26283
1 6.26283
1 6.26283
1 6.26283
1 6.26283
1 6.26283
1 6.26283
1 6.26283
1 6.26283
1 6.26283
1 6.26283
1 6.26283
1 6.26283
1 6.26283
1 6.26283
1 6.26283
1 6.26283
1 6.26283
1 6.26283
1 6.26283
1 6.26283
1 6.26283
1 6.26283
1 6.26283
1 6.26283
1 6.26283
1 6.26283
1 6.26283
1 6.26283
1 6.26283
1 6.26283
1 6.26283
1 6.26283
1 6.26283
1 6.26283
1 6.26283
1 6.26283
1 6.26283
1 6.26283
1 6.26283
1 6.26283
1 6.26283
1 6.26283
1 6.26283
1 6.26283
1 6.26283
1 6.26283
1 6.26283
1 6.26283
1 6.26283
1 6.26283
1 6.26283
1 6.26283
1 6.26283
1 6.26283
1 6.26283
1 6.26283
1 6.26283
1 6.26283
1 6.26283
1 6.26283
1 6.26283
1 6.26283
1 6.26283
1 6.26283
1 6.26283
1 6.26283
1 6.26283
1 6.26283
1 6.26283
1 6.26283
1 6.26283
1 6.26283
1 6.26283
1 6.26283
1 6.26283
1 6.26283
1 6.26283
1 6.26283
1 6.26283
1 6.26283
1 6.26283
1 6.26283
1 6.26283
1 6.26283
1 6.26283
1 6.26283
1 6.26283
1 6.26283
1 6.26283
1 6.26283
1 6.26283
1 6.26283
1 6.26283
1 6.26283
1 6.26283
1 6.26283
1 6.26283
1 6.26283
1 6.26283
1 6.26283
1 6.26283
1 6.26283
1 6.26283
1 6.26283
1 6.26283
1 6.26283
1 6.26283
1 6.26283
1 6.26283
1 6.26283
1 6.26283
1 6.26283
1 6.26283
1 6.26283
1 6.26283
1 6.26283
1 6.26283
1 6.26283
1 6.26283
1 6.26283
1 6.26283
1 6.26283
1 6.26283
1 6.26283
1 6.26283
1 6.26283
1 6.26283
1 6.26283
1 6.26283
1 6.26283
1 6.26283
1 6.26283
1 6.26283
1 6.26283
1 6.26283
1 6.26283
1 6.26283
1 6.26283
1 6.26283
1 6.26283
1 6.26283
1 6.26283
1 6.26283
1 6.26283
1 6.26283
1 6.26283
1 6.26283
1 6.26283
1 6.26283
1 6.26283
1 6.26283
1 6.26283
1 6.26283
1 6.26283
1 6.26283
1 6.26283
1 6.26283
1 6.26283
1 6.26283
1 6.26283
1 6.26283
1 6.26283
1 6.26283
1 6.26283
1 6.26283
1 6.26283
1 6.26283
1 6.26283
1 6.26283
1 6.26283
1 6.26283
1 6.26283
1 6.26283
1 6.26283
1 6.26283
1 6.26283
1 6.26283
1 6.26283
1 6.26283
1 6.26283
1 6.26283
1 6.26283
1 6.26283
1 6.26283
1 6.26283
1 6.26283
1 6.26283
1 6.26283
1 6.26283
1 6.26283
1 6.26283
1 6.26283
1 6.26283
1 6.26283
1 6.26283
1 6.26283
1 6.26283
1 6.26283
1 6.26283
1 6.26283
1 6.26283
1 6.26283
1 6.26283
1 6.26283
1 6.26283
1 6.26283
1 6.26283
1 6.26283
1 6.26283
1 6.26283
1 6.26283
1 6.26283
1 6.26283
1 6.26283
1 6.26283
1 6.26283
1 6.26283
1 6.26283
1 6.26283
1 6.26283
1 6.26283
1 6.26283
1 6.26283
1 6.26283
1 6.26283
1 6.26283
1 6.26283
1 6.26283
1 6.26283
1 6.26283
1 6.26283
1 6.26283
1 6.26283
1 6.26283
1 6.26283
1 6.26283
1 6.26283
1 6.26283
1 6.26283
1 6.26284
1 6.26284
1 6.26284
1 6.26284
1 6.26284
1 6.26284
1 6.26284
1 6.26284
1 6.26284
1 6.26284
1 6.26284
1 6.26284
1 6.26284
1 6.26284
1 6.26284
1 6.26284
1 6.26284
1 6.26284
1 6.26284
1 6.26284
1 6.26284
1 6.26284
1 6.26284
1 6.26284
1 6.26284
1 6.26284
1 6.26284
1 6.26284
1 6.26284
1 6.26284
1 6.26284
1 6.26284
1 6.26284
1 6.26284
1 6.26284
1 6.26284
1 6.26284
1 6.26284
1 6.26284
1 6.26284
1 6.26284
1 6.26284
1 6.26284
1 6.26284
1 6.26284
1 6.26284
1 6.26284
1 6.26284
1 6.26284
1 6.26284
1 6.26284
1 6.26284
1 6.26284
1 6.26284
1 6.26284
1 6.26284
1 6.26284
1 6.26284
1 6.26284
1 6.26284
1 6.26284
1 6.26284
1 6.26284
1 6.26284
1 6.26284
1 6.26284
1 6.26284
1 6.26284
1 6.26284
1 6.26284
1 6.26284
1 6.26284
1 6.26284
1 6.26284
1 6.26284
1 6.26284
1 6.26284
1 6.26284
1 6.26284
1 6.26284
1 6.26284
1 6.26284
1 6.26284
1 6.26284
1 6.26284
1 6.26284
1 6.26284
1 6.26284
1 6.26284
1 6.26284
1 6.26284
1 6.26284
1 6.26284
1 6.26284
1 6.26284
1 6.26284
1 6.26284
1 6.26284
1 6.26284
1 6.26284
1 6.26284
1 6.26284
1 6.26284
1 6.26284
1 6.26284
1 6.26284
1 6.26284
1 6.26284
1 6.26284
1 6.26284
1 6.26284
1 6.26284
1 6.26284
1 6.26284
1 6.26284
1 6.26284
1 6.26284
1 6.26284
1 6.26284
1 6.26284
1 6.26284
1 6.26284
1 6.26284
1 6.26284
1 6.26284
1 6.26284
1 6.26284
1 6.26284
1 6.26284
1 6.26284
1 6.26284
1 6.26284
1 6.26284
1 6.26284
1 6.26284
1 6.26284
1 6.26284
1 6.26284
1 6.26284
1 6.26284
1 6.26284
1 6.26284
1 6.26284
1 6.26284
1 6.26284
1 6.26284
1 6.26284
1 6.26284
1 6.26284
1 6.26284
1 6.26284
1 6.26284
1 6.26284
1 6.26284
1 6.26284
1 6.26284
1 6.26284
1 6.26284
1 6.26284
1 6.26284
1 6.26284
1 6.26284
1 6.26284
1 6.26284
1 6.26284
1 6.26284
1 6.26284
1 6.26284
1 6.26284
1 6.26284
1 6.26284
1 6.26284
1 6.26284
1 6.26284
1 6.26284
1 6.26284
1 6.26284
1 6.26284
1 6.26284
1 6.26284
1 6.26284
1 6.26284
1 6.26284
1 6.26284
1 6.26284
1 6.26284
1 6.26284
1 6.26284
1 6.26284
1 6.26284
1 6.26284
1 6.26284
1 6.26284
1 6.26284
1 6.26284
1 6.26284
1 6.26284
1 6.26284
1 6.26284
1 6.26284
1 6.26284
1 6.26284
1 6.26284
1 6.26284
1 6.26284
1 6.26284
1 6.26284
1 6.26284
1 6.26284
1 6.26284
1 6.26284
1 6.26284
1 6.26284
1 6.26284
1 6.26284
1 6.26284
1 6.26284
1 6.26284
1 6.26284
1 6.26284
1 6.26284
1 6.26284
1 6.26284
1 6.26284
1 6.26284
1 6.26284
1 6.26284
1 6.26284
1 6.26284
1 6.26284
1 6.26284
1 6.26284
1 6.26284
1 6.26284
1 6.26284
1 6.26284
1 6.26284
1 6.26284
1 6.26284
1 6.26284
1 6.26284
1 6.26284
1 6.26284
1 6.26284
1 6.26284
1 6.26284
1 6.26284
1 6.26284
1 6.26284
1 6.26284
1 6.26284
1 6.26284
1 6.26284
1 6.26284
1 6.26284
1 6.26284
1 6.26284
1 6.26284
1 6.26284
1 6.26284
1 6.26284
1 6.26284
1 6.26284
1 6.26284
1 6.26284
1 6.26284
1 6.26285
1 6.26285
1 6.26285
1 6.26285
1 6.26285
1 6.26285
1 6.26285
1 6.26285
1 6.26285
1 6.26285
1 6.26285
1 6.26285
1 6.26285
1 6.26285
1 6.26285
1 6.26285
1 6.26285
1 6.26285
1 6.26285
1 6.26285
1 6.26285
1 6.26285
1 6.26285
1 6.26285
1 6.26285
1 6.26285
1 6.26285
1 6.26285
1 6.26285
1 6.26285
1 6.26285
1 6.26285
1 6.26285
1 6.26285
1 6.26285
1 6.26285
1 6.26285
1 6.26285
1 6.26285
1 6.26285
1 6.26285
1 6.26285
1 6.26285
1 6.26285
1 6.26285
1 6.26285
1 6.26285
1 6.26285
1 6.26285
1 6.26285
1 6.26285
1 6.26285
1 6.26285
1 6.26285
1 6.26285
1 6.26285
1 6.26285
1 6.26285
1 6.26285
1 6.26285
1 6.26285
1 6.26285
1 6.26285
1 6.26285
1 6.26285
1 6.26285
1 6.26285
1 6.26285
1 6.26285
1 6.26285
1 6.26285
1 6.26285
1 6.26285
1 6.26285
1 6.26285
1 6.26285
1 6.26285
1 6.26285
1 6.26285
1 6.26285
1 6.26285
1 6.26285
1 6.26285
1 6.26285
1 6.26285
1 6.26285
1 6.26285
1 6.26285
1 6.26285
1 6.26285
1 6.26285
1 6.26285
1 6.26285
1 6.26285
1 6.26285
1 6.26285
1 6.26285
1 6.26285
1 6.26285
1 6.26285
1 6.26285
1 6.26285
1 6.26285
1 6.26285
1 6.26285
1 6.26285
1 6.26285
1 6.26285
1 6.26285
1 6.26285
1 6.26285
1 6.26285
1 6.26285
1 6.26285
1 6.26285
1 6.26285
1 6.26285
1 6.26285
1 6.26285
1 6.26285
1 6.26285
1 6.26285
1 6.26285
1 6.26285
1 6.26285
1 6.26285
1 6.26285
1 6.26285
1 6.26285
1 6.26285
1 6.26285
1 6.26285
1 6.26285
1 6.26285
1 6.26285
1 6.26285
1 6.26285
1 6.26285
1 6.26285
1 6.26285
1 6.26285
1 6.26285
1 6.26285
1 6.26285
1 6.26285
1 6.26285
1 6.26285
1 6.26285
1 6.26285
1 6.26285
1 6.26285
1 6.26285
1 6.26285
1 6.26285
1 6.26285
1 6.26285
1 6.26285
1 6.26285
1 6.26285
1 6.26285
1 6.26285
1 6.26285
1 6.26285
1 6.26285
1 6.26285
1 6.26285
1 6.26285
1 6.26285
1 6.26285
1 6.26285
1 6.26285
1 6.26285
1 6.26285
1 6.26285
1 6.26285
1 6.26285
1 6.26285
1 6.26285
1 6.26285
1 6.26285
1 6.26285
1 6.26285
1 6.26285
1 6.26285
1 6.26285
1 6.26285
1 6.26285
1 6.26285
1 6.26285
1 6.26285
1 6.26285
1 6.26285
1 6.26285
1 6.26285
1 6.26285
1 6.26285
1 6.26285
1 6.26285
1 6.26285
1 6.26285
1 6.26285
1 6.26285
1 6.26285
1 6.26285
1 6.26285
1 6.26285
1 6.26285
1 6.26285
1 6.26285
1 6.26285
1 6.26285
1 6.26285
1 6.26285
1 6.26285
1 6.26285
1 6.26285
1 6.26285
1 6.26285
1 6.26285
1 6.26285
1 6.26285
1 6.26285
1 6.26285
1 6.26285
1 6.26285
1 6.26285
1 6.26285
1 6.26285
1 6.26285
1 6.26285
1 6.26285
1 6.26285
1 6.26285
1 6.26285
1 6.26285
1 6.26285
1 6.26285
1 6.26285
1 6.26285
1 6.26285
1 6.26285
1 6.26285
1 6.26285
1 6.26285
1 6.26285
1 6.26285
1 6.26285
1 6.26285
1 6.26285
1 6.26285
1 6.26285
1 6.26285
1 6.26285
1 6.26285
1 6.26285
1 6.26285
1 6.26285
1 6.26285
1 6.26285
1 6.26285
1 6.26285
1 6.26285
1 6.26285
1 6.26285
1 6.26285
1 6.26286
1 6.26286
1 6.26286
1 6.26286
1 6.26286
1 6.26286
1 6.26286
1 6.26286
1 6.26286
1 6.26286
1 6.26286
1 6.26286
1 6.26286
1 6.26286
1 6.26286
1 6.26286
1 6.26286
1 6.26286
1 6.26286
1 6.26286
1 6.26286
1 6.26286
1 6.26286
1 6.26286
1 6.26286
1 6.26286
1 6.26286
1 6.26286
1 6.26286
1 6.26286
1 6.26286
1 6.26286
1 6.26286
1 6.26286
1 6.26286
1 6.26286
1 6.26286
1 6.26286
1 6.26286
1 6.26286
1 6.26286
1 6.26286
1 6.26286
1 6.26286
1 6.26286
1 6.26286
1 6.26286
1 6.26286
1 6.26286
1 6.26286
1 6.26286
1 6.26286
1 6.26286
1 6.26286
1 6.26286
1 6.26286
1 6.26286
1 6.26286
1 6.26286
1 6.26286
1 6.26286
1 6.26286
1 6.26286
1 6.26286
1 6.26286
1 6.26286
1 6.26286
1 6.26286
1 6.26286
1 6.26286
1 6.26286
1 6.26286
1 6.26286
1 6.26286
1 6.26286
1 6.26286
1 6.26286
1 6.26286
1 6.26286
1 6.26286
1 6.26286
1 6.26286
1 6.26286
1 6.26286
1 6.26286
1 6.26286
1 6.26286
1 6.26286
1 6.26286
1 6.26286
1 6.26286
1 6.26286
1 6.26286
1 6.26286
1 6.26286
1 6.26286
1 6.26286
1 6.26286
1 6.26286
1 6.26286
1 6.26286
1 6.26286
1 6.26286
1 6.26286
1 6.26286
1 6.26286
1 6.26286
1 6.26286
1 6.26286
1 6.26286
1 6.26286
1 6.26286
1 6.26286
1 6.26286
1 6.26286
1 6.26286
1 6.26286
1 6.26286
1 6.26286
1 6.26286
1 6.26286
1 6.26286
1 6.26286
1 6.26286
1 6.26286
1 6.26286
1 6.26286
1 6.26286
1 6.26286
1 6.26286
1 6.26286
1 6.26286
1 6.26286
1 6.26286
1 6.26286
1 6.26286
1 6.26286
1 6.26286
1 6.26286
1 6.26286
1 6.26286
1 6.26286
1 6.26286
1 6.26286
1 6.26286
1 6.26286
1 6.26286
1 6.26286
1 6.26286
1 6.26286
1 6.26286
1 6.26286
1 6.26286
1 6.26286
1 6.26286
1 6.26286
1 6.26286
1 6.26286
1 6.26286
1 6.26286
1 6.26286
1 6.26286
1 6.26286
1 6.26286
1 6.26286
1 6.26286
1 6.26286
1 6.26286
1 6.26286
1 6.26286
1 6.26286
1 6.26286
1 6.26286
1 6.26286
1 6.26286
1 6.26286
1 6.26286
1 6.26286
1 6.26286
1 6.26286
1 6.26286
1 6.26286
1 6.26286
1 6.26286
1 6.26286
1 6.26286
1 6.26286
1 6.26286
1 6.26286
1 6.26286
1 6.26286
1 6.26286
1 6.26286
1 6.26286
1 6.26286
1 6.26286
1 6.26286
1 6.26286
1 6.26286
1 6.26286
1 6.26286
1 6.26286
1 6.26286
1 6.26286
1 6.26286
1 6.26286
1 6.26286
1 6.26286
1 6.26286
1 6.26286
1 6.26286
1 6.26286
1 6.26286
1 6.26286
1 6.26286
1 6.26286
1 6.26286
1 6.26286
1 6.26286
1 6.26286
1 6.26286
1 6.26286
1 6.26286
1 6.26286
1 6.26286
1 6.26286
1 6.26286
1 6.26286
1 6.26286
1 6.26286
1 6.26286
1 6.26286
1 6.26286
1 6.26286
1 6.26286
1 6.26286
1 6.26286
1 6.26286
1 6.26286
1 6.26286
1 6.26286
1 6.26286
1 6.26286
1 6.26286
1 6.26286
1 6.26286
1 6.26286
1 6.26286
1 6.26286
1 6.26286
1 6.26286
1 6.26286
1 6.26286
1 6.26286
1 6.26286
1 6.26286
1 6.26286
1 6.26286
1 6.26286
1 6.26286
1 6.26286
1 6.26286
1 6.26286
1 6.26286
1 6.26286
1 6.26286
1 6.26287
1 6.26287
1 6.26287
1 6.26287
1 6.26287
1 6.26287
1 6.26287
1 6.26287
1 6.26287
1 6.26287
1 6.26287
1 6.26287
1 6.26287
1 6.26287
1 6.26287
1 6.26287
1 6.26287
1 6.26287
1 6.26287
1 6.26287
1 6.26287
1 6.26287
1 6.26287
1 6.26287
1 6.26287
1 6.26287
1 6.26287
1 6.26287
1 6.26287
1 6.26287
1 6.26287
1 6.26287
1 6.26287
1 6.26287
1 6.26287
1 6.26287
1 6.26287
1 6.26287
1 6.26287
1 6.26287
1 6.26287
1 6.26287
1 6.26287
1 6.26287
1 6.26287
1 6.26287
1 6.26287
1 6.26287
1 6.26287
1 6.26287
1 6.26287
1 6.26287
1 6.26287
1 6.26287
1 6.26287
1 6.26287
1 6.26287
1 6.26287
1 6.26287
1 6.26287
1 6.26287
1 6.26287
1 6.26287
1 6.26287
1 6.26287
1 6.26287
1 6.26287
1 6.26287
1 6.26287
1 6.26287
1 6.26287
1 6.26287
1 6.26287
1 6.26287
1 6.26287
1 6.26287
1 6.26287
1 6.26287
1 6.26287
1 6.26287
1 6.26287
1 6.26287
1 6.26287
1 6.26287
1 6.26287
1 6.26287
1 6.26287
1 6.26287
1 6.26287
1 6.26287
1 6.26287
1 6.26287
1 6.26287
1 6.26287
1 6.26287
1 6.26287
1 6.26287
1 6.26287
1 6.26287
1 6.26287
1 6.26287
1 6.26287
1 6.26287
1 6.26287
1 6.26287
1 6.26287
1 6.26287
1 6.26287
1 6.26287
1 6.26287
1 6.26287
1 6.26287
1 6.26287
1 6.26287
1 6.26287
1 6.26287
1 6.26287
1 6.26287
1 6.26287
1 6.26287
1 6.26287
1 6.26287
1 6.26287
1 6.26287
1 6.26287
1 6.26287
1 6.26287
1 6.26287
1 6.26287
1 6.26287
1 6.26287
1 6.26287
1 6.26287
1 6.26287
1 6.26287
1 6.26287
1 6.26287
1 6.26287
1 6.26287
1 6.26287
1 6.26287
1 6.26287
1 6.26287
1 6.26287
1 6.26287
1 6.26287
1 6.26287
1 6.26287
1 6.26287
1 6.26287
1 6.26287
1 6.26287
1 6.26287
1 6.26287
1 6.26287
1 6.26287
1 6.26287
1 6.26287
1 6.26287
1 6.26287
1 6.26287
1 6.26287
1 6.26287
1 6.26287
1 6.26287
1 6.26287
1 6.26287
1 6.26287
1 6.26287
1 6.26287
1 6.26287
1 6.26287
1 6.26287
1 6.26287
1 6.26287
1 6.26287
1 6.26287
1 6.26287
1 6.26287
1 6.26287
1 6.26287
1 6.26287
1 6.26287
1 6.26287
1 6.26287
1 6.26287
1 6.26287
1 6.26287
1 6.26287
1 6.26287
1 6.26287
1 6.26287
1 6.26287
1 6.26287
1 6.26287
1 6.26287
1 6.26287
1 6.26287
1 6.26287
1 6.26287
1 6.26287
1 6.26287
1 6.26287
1 6.26287
1 6.26287
1 6.26287
1 6.26287
1 6.26287
1 6.26287
1 6.26287
1 6.26287
1 6.26287
1 6.26287
1 6.26287
1 6.26287
1 6.26287
1 6.26287
1 6.26287
1 6.26287
1 6.26287
1 6.26287
1 6.26287
1 6.26287
1 6.26287
1 6.26287
1 6.26287
1 6.26287
1 6.26287
1 6.26287
1 6.26287
1 6.26287
1 6.26287
1 6.26287
1 6.26287
1 6.26287
1 6.26287
1 6.26287
1 6.26287
1 6.26287
1 6.26287
1 6.26287
1 6.26287
1 6.26287
1 6.26287
1 6.26287
1 6.26287
1 6.26287
1 6.26287
1 6.26287
1 6.26287
1 6.26287
1 6.26287
1 6.26287
1 6.26287
1 6.26287
1 6.26287
1 6.26287
1 6.26287
1 6.26287
1 6.26287
1 6.26287
1 6.26287
1 6.26287
1 6.26287
1 6.26287
1 6.26288
1 6.26288
1 6.26288
1 6.26288
1 6.26288
1 6.26288
1 6.26288
1 6.26288
1 6.26288
1 6.26288
1 6.26288
1 6.26288
1 6.26288
1 6.26288
1 6.26288
1 6.26288
1 6.26288
1 6.26288
1 6.26288
1 6.26288
1 6.26288
1 6.26288
1 6.26288
1 6.26288
1 6.26288
1 6.26288
1 6.26288
1 6.26288
1 6.26288
1 6.26288
1 6.26288
1 6.26288
1 6.26288
1 6.26288
1 6.26288
1 6.26288
1 6.26288
1 6.26288
1 6.26288
1 6.26288
1 6.26288
1 6.26288
1 6.26288
1 6.26288
1 6.26288
1 6.26288
1 6.26288
1 6.26288
1 6.26288
1 6.26288
1 6.26288
1 6.26288
1 6.26288
1 6.26288
1 6.26288
1 6.26288
1 6.26288
1 6.26288
1 6.26288
1 6.26288
1 6.26288
1 6.26288
1 6.26288
1 6.26288
1 6.26288
1 6.26288
1 6.26288
1 6.26288
1 6.26288
1 6.26288
1 6.26288
1 6.26288
1 6.26288
1 6.26288
1 6.26288
1 6.26288
1 6.26288
1 6.26288
1 6.26288
1 6.26288
1 6.26288
1 6.26288
1 6.26288
1 6.26288
1 6.26288
1 6.26288
1 6.26288
1 6.26288
1 6.26288
1 6.26288
1 6.26288
1 6.26288
1 6.26288
1 6.26288
1 6.26288
1 6.26288
1 6.26288
1 6.26288
1 6.26288
1 6.26288
1 6.26288
1 6.26288
1 6.26288
1 6.26288
1 6.26288
1 6.26288
1 6.26288
1 6.26288
1 6.26288
1 6.26288
1 6.26288
1 6.26288
1 6.26288
1 6.26288
1 6.26288
1 6.26288
1 6.26288
1 6.26288
1 6.26288
1 6.26288
1 6.26288
1 6.26288
1 6.26288
1 6.26288
1 6.26288
1 6.26288
1 6.26288
1 6.26288
1 6.26288
1 6.26288
1 6.26288
1 6.26288
1 6.26288
1 6.26288
1 6.26288
1 6.26288
1 6.26288
1 6.26288
1 6.26288
1 6.26288
1 6.26288
1 6.26288
1 6.26288
1 6.26288
1 6.26288
1 6.26288
1 6.26288
1 6.26288
1 6.26288
1 6.26288
1 6.26288
1 6.26288
1 6.26288
1 6.26288
1 6.26288
1 6.26288
1 6.26288
1 6.26288
1 6.26288
1 6.26288
1 6.26288
1 6.26288
1 6.26288
1 6.26288
1 6.26288
1 6.26288
1 6.26288
1 6.26288
1 6.26288
1 6.26288
1 6.26288
1 6.26288
1 6.26288
1 6.26288
1 6.26288
1 6.26288
1 6.26288
1 6.26288
1 6.26288
1 6.26288
1 6.26288
1 6.26288
1 6.26288
1 6.26288
1 6.26288
1 6.26288
1 6.26288
1 6.26288
1 6.26288
1 6.26288
1 6.26288
1 6.26288
1 6.26288
1 6.26288
1 6.26288
1 6.26288
1 6.26288
1 6.26288
1 6.26288
1 6.26288
1 6.26288
1 6.26288
1 6.26288
1 6.26288
1 6.26288
1 6.26288
1 6.26288
1 6.26288
1 6.26288
1 6.26288
1 6.26288
1 6.26288
1 6.26288
1 6.26288
1 6.26288
1 6.26288
1 6.26288
1 6.26288
1 6.26288
1 6.26288
1 6.26288
1 6.26288
1 6.26288
1 6.26288
1 6.26288
1 6.26288
1 6.26288
1 6.26288
1 6.26288
1 6.26288
1 6.26288
1 6.26288
1 6.26288
1 6.26288
1 6.26288
1 6.26288
1 6.26288
1 6.26288
1 6.26288
1 6.26288
1 6.26288
1 6.26288
1 6.26288
1 6.26288
1 6.26288
1 6.26288
1 6.26288
1 6.26288
1 6.26288
1 6.26288
1 6.26288
1 6.26288
1 6.26288
1 6.26288
1 6.26288
1 6.26288
1 6.26288
1 6.26288
1 6.26288
1 6.26288
1 6.26288
1 6.26288
1 6.26288
1 6.26288
1 6.26288
1 6.26288
1 6.26289
1 6.26289
1 6.26289
1 6.26289
1 6.26289
1 6.26289
1 6.26289
1 6.26289
1 6.26289
1 6.26289
1 6.26289
1 6.26289
1 6.26289
1 6.26289
1 6.26289
1 6.26289
1 6.26289
1 6.26289
1 6.26289
1 6.26289
1 6.26289
1 6.26289
1 6.26289
1 6.26289
1 6.26289
1 6.26289
1 6.26289
1 6.26289
1 6.26289
1 6.26289
1 6.26289
1 6.26289
1 6.26289
1 6.26289
1 6.26289
1 6.26289
1 6.26289
1 6.26289
1 6.26289
1 6.26289
1 6.26289
1 6.26289
1 6.26289
1 6.26289
1 6.26289
1 6.26289
1 6.26289
1 6.26289
1 6.26289
1 6.26289
1 6.26289
1 6.26289
1 6.26289
1 6.26289
1 6.26289
1 6.26289
1 6.26289
1 6.26289
1 6.26289
1 6.26289
1 6.26289
1 6.26289
1 6.26289
1 6.26289
1 6.26289
1 6.26289
1 6.26289
1 6.26289
1 6.26289
1 6.26289
1 6.26289
1 6.26289
1 6.26289
1 6.26289
1 6.26289
1 6.26289
1 6.26289
1 6.26289
1 6.26289
1 6.26289
1 6.26289
1 6.26289
1 6.26289
1 6.26289
1 6.26289
1 6.26289
1 6.26289
1 6.26289
1 6.26289
1 6.26289
1 6.26289
1 6.26289
1 6.26289
1 6.26289
1 6.26289
1 6.26289
1 6.26289
1 6.26289
1 6.26289
1 6.26289
1 6.26289
1 6.26289
1 6.26289
1 6.26289
1 6.26289
1 6.26289
1 6.26289
1 6.26289
1 6.26289
1 6.26289
1 6.26289
1 6.26289
1 6.26289
1 6.26289
1 6.26289
1 6.26289
1 6.26289
1 6.26289
1 6.26289
1 6.26289
1 6.26289
1 6.26289
1 6.26289
1 6.26289
1 6.26289
1 6.26289
1 6.26289
1 6.26289
1 6.26289
1 6.26289
1 6.26289
1 6.26289
1 6.26289
1 6.26289
1 6.26289
1 6.26289
1 6.26289
1 6.26289
1 6.26289
1 6.26289
1 6.26289
1 6.26289
1 6.26289
1 6.26289
1 6.26289
1 6.26289
1 6.26289
1 6.26289
1 6.26289
1 6.26289
1 6.26289
1 6.26289
1 6.26289
1 6.26289
1 6.26289
1 6.26289
1 6.26289
1 6.26289
1 6.26289
1 6.26289
1 6.26289
1 6.26289
1 6.26289
1 6.26289
1 6.26289
1 6.26289
1 6.26289
1 6.26289
1 6.26289
1 6.26289
1 6.26289
1 6.26289
1 6.26289
1 6.26289
1 6.26289
1 6.26289
1 6.26289
1 6.26289
1 6.26289
1 6.26289
1 6.26289
1 6.26289
1 6.26289
1 6.26289
1 6.26289
1 6.26289
1 6.26289
1 6.26289
1 6.26289
1 6.26289
1 6.26289
1 6.26289
1 6.26289
1 6.26289
1 6.26289
1 6.26289
1 6.26289
1 6.26289
1 6.26289
1 6.26289
1 6.26289
1 6.26289
1 6.26289
1 6.26289
1 6.26289
1 6.26289
1 6.26289
1 6.26289
1 6.26289
1 6.26289
1 6.26289
1 6.26289
1 6.26289
1 6.26289
1 6.26289
1 6.26289
1 6.26289
1 6.26289
1 6.26289
1 6.26289
1 6.26289
1 6.26289
1 6.26289
1 6.26289
1 6.26289
1 6.26289
1 6.26289
1 6.26289
1 6.26289
1 6.26289
1 6.26289
1 6.26289
1 6.26289
1 6.26289
1 6.26289
1 6.26289
1 6.26289
1 6.26289
1 6.26289
1 6.26289
1 6.26289
1 6.26289
1 6.26289
1 6.26289
1 6.26289
1 6.26289
1 6.26289
1 6.26289
1 6.26289
1 6.26289
1 6.26289
1 6.26289
1 6.26289
1 6.26289
1 6.26289
1 6.26289
1 6.26289
1 6.26289
1 6.26289
1 6.26289
1 6.26289
1 6.26289
1 6.26289
1 6.26289
1 6.26289
1 6.26289
1 6.2629
1 6.2629
1 6.2629
1 6.2629
1 6.2629
1 6.2629
1 6.2629
1 6.2629
1 6.2629
1 6.2629
1 6.2629
1 6.2629
1 6.2629
1 6.2629
1 6.2629
1 6.2629
1 6.2629
1 6.2629
1 6.2629
1 6.2629
1 6.2629
1 6.2629
1 6.2629
1 6.2629
1 6.2629
1 6.2629
1 6.2629
1 6.2629
1 6.2629
1 6.2629
1 6.2629
1 6.2629
1 6.2629
1 6.2629
1 6.2629
1 6.2629
1 6.2629
1 6.2629
1 6.2629
1 6.2629
1 6.2629
1 6.2629
1 6.2629
1 6.2629
1 6.2629
1 6.2629
1 6.2629
1 6.2629
1 6.2629
1 6.2629
1 6.2629
1 6.2629
1 6.2629
1 6.2629
1 6.2629
1 6.2629
1 6.2629
1 6.2629
1 6.2629
1 6.2629
1 6.2629
1 6.2629
1 6.2629
1 6.2629
1 6.2629
1 6.2629
1 6.2629
1 6.2629
1 6.2629
1 6.2629
1 6.2629
1 6.2629
1 6.2629
1 6.2629
1 6.2629
1 6.2629
1 6.2629
1 6.2629
1 6.2629
1 6.2629
1 6.2629
1 6.2629
1 6.2629
1 6.2629
1 6.2629
1 6.2629
1 6.2629
1 6.2629
1 6.2629
1 6.2629
1 6.2629
1 6.2629
1 6.2629
1 6.2629
1 6.2629
1 6.2629
1 6.2629
1 6.2629
1 6.2629
1 6.2629
1 6.2629
1 6.2629
1 6.2629
1 6.2629
1 6.2629
1 6.2629
1 6.2629
1 6.2629
1 6.2629
1 6.2629
1 6.2629
1 6.2629
1 6.2629
1 6.2629
1 6.2629
1 6.2629
1 6.2629
1 6.2629
1 6.2629
1 6.2629
1 6.2629
1 6.2629
1 6.2629
1 6.2629
1 6.2629
1 6.2629
1 6.2629
1 6.2629
1 6.2629
1 6.2629
1 6.2629
1 6.2629
1 6.2629
1 6.2629
1 6.2629
1 6.2629
1 6.2629
1 6.2629
1 6.2629
1 6.2629
1 6.2629
1 6.2629
1 6.2629
1 6.2629
1 6.2629
1 6.2629
1 6.2629
1 6.2629
1 6.2629
1 6.2629
1 6.2629
1 6.2629
1 6.2629
1 6.2629
1 6.2629
1 6.2629
1 6.2629
1 6.2629
1 6.2629
1 6.2629
1 6.2629
1 6.2629
1 6.2629
1 6.2629
1 6.2629
1 6.2629
1 6.2629
1 6.2629
1 6.2629
1 6.2629
1 6.2629
1 6.2629
1 6.2629
1 6.2629
1 6.2629
1 6.2629
1 6.2629
1 6.2629
1 6.2629
1 6.2629
1 6.2629
1 6.2629
1 6.2629
1 6.2629
1 6.2629
1 6.2629
1 6.2629
1 6.2629
1 6.2629
1 6.2629
1 6.2629
1 6.2629
1 6.2629
1 6.2629
1 6.2629
1 6.2629
1 6.2629
1 6.2629
1 6.2629
1 6.2629
1 6.2629
1 6.2629
1 6.2629
1 6.2629
1 6.2629
1 6.2629
1 6.2629
1 6.2629
1 6.2629
1 6.2629
1 6.2629
1 6.2629
1 6.2629
1 6.2629
1 6.2629
1 6.2629
1 6.2629
1 6.2629
1 6.2629
1 6.2629
1 6.2629
1 6.2629
1 6.2629
1 6.2629
1 6.2629
1 6.2629
1 6.2629
1 6.2629
1 6.2629
1 6.2629
1 6.2629
1 6.2629
1 6.2629
1 6.2629
1 6.2629
1 6.2629
1 6.2629
1 6.2629
1 6.2629
1 6.2629
1 6.2629
1 6.2629
1 6.2629
1 6.2629
1 6.2629
1 6.2629
1 6.2629
1 6.2629
1 6.2629
1 6.2629
1 6.2629
1 6.2629
1 6.2629
1 6.2629
1 6.2629
1 6.2629
1 6.2629
1 6.2629
1 6.2629
1 6.2629
1 6.2629
1 6.2629
1 6.2629
1 6.2629
1 6.2629
1 6.26291
1 6.26291
1 6.26291
1 6.26291
1 6.26291
1 6.26291
1 6.26291
1 6.26291
1 6.26291
1 6.26291
1 6.26291
1 6.26291
1 6.26291
1 6.26291
1 6.26291
1 6.26291
1 6.26291
1 6.26291
1 6.26291
1 6.26291
1 6.26291
1 6.26291
1 6.26291
1 6.26291
1 6.26291
1 6.26291
1 6.26291
1 6.26291
1 6.26291
1 6.26291
1 6.26291
1 6.26291
1 6.26291
1 6.26291
1 6.26291
1 6.26291
1 6.26291
1 6.26291
1 6.26291
1 6.26291
1 6.26291
1 6.26291
1 6.26291
1 6.26291
1 6.26291
1 6.26291
1 6.26291
1 6.26291
1 6.26291
1 6.26291
1 6.26291
1 6.26291
1 6.26291
1 6.26291
1 6.26291
1 6.26291
1 6.26291
1 6.26291
1 6.26291
1 6.26291
1 6.26291
1 6.26291
1 6.26291
1 6.26291
1 6.26291
1 6.26291
1 6.26291
1 6.26291
1 6.26291
1 6.26291
1 6.26291
1 6.26291
1 6.26291
1 6.26291
1 6.26291
1 6.26291
1 6.26291
1 6.26291
1 6.26291
1 6.26291
1 6.26291
1 6.26291
1 6.26291
1 6.26291
1 6.26291
1 6.26291
1 6.26291
1 6.26291
1 6.26291
1 6.26291
1 6.26291
1 6.26291
1 6.26291
1 6.26291
1 6.26291
1 6.26291
1 6.26291
1 6.26291
1 6.26291
1 6.26291
1 6.26291
1 6.26291
1 6.26291
1 6.26291
1 6.26291
1 6.26291
1 6.26291
1 6.26291
1 6.26291
1 6.26291
1 6.26291
1 6.26291
1 6.26291
1 6.26291
1 6.26291
1 6.26291
1 6.26291
1 6.26291
1 6.26291
1 6.26291
1 6.26291
1 6.26291
1 6.26291
1 6.26291
1 6.26291
1 6.26291
1 6.26291
1 6.26291
1 6.26291
1 6.26291
1 6.26291
1 6.26291
1 6.26291
1 6.26291
1 6.26291
1 6.26291
1 6.26291
1 6.26291
1 6.26291
1 6.26291
1 6.26291
1 6.26291
1 6.26291
1 6.26291
1 6.26291
1 6.26291
1 6.26291
1 6.26291
1 6.26291
1 6.26291
1 6.26291
1 6.26291
1 6.26291
1 6.26291
1 6.26291
1 6.26291
1 6.26291
1 6.26291
1 6.26291
1 6.26291
1 6.26291
1 6.26291
1 6.26291
1 6.26291
1 6.26291
1 6.26291
1 6.26291
1 6.26291
1 6.26291
1 6.26291
1 6.26291
1 6.26291
1 6.26291
1 6.26291
1 6.26291
1 6.26291
1 6.26291
1 6.26291
1 6.26291
1 6.26291
1 6.26291
1 6.26291
1 6.26291
1 6.26291
1 6.26291
1 6.26291
1 6.26291
1 6.26291
1 6.26291
1 6.26291
1 6.26291
1 6.26291
1 6.26291
1 6.26291
1 6.26291
1 6.26291
1 6.26291
1 6.26291
1 6.26291
1 6.26291
1 6.26291
1 6.26291
1 6.26291
1 6.26291
1 6.26291
1 6.26291
1 6.26291
1 6.26291
1 6.26291
1 6.26291
1 6.26291
1 6.26291
1 6.26291
1 6.26291
1 6.26291
1 6.26291
1 6.26291
1 6.26291
1 6.26291
1 6.26291
1 6.26291
1 6.26291
1 6.26291
1 6.26291
1 6.26291
1 6.26291
1 6.26291
1 6.26291
1 6.26291
1 6.26291
1 6.26291
1 6.26291
1 6.26291
1 6.26291
1 6.26291
1 6.26291
1 6.26291
1 6.26291
1 6.26291
1 6.26291
1 6.26291
1 6.26291
1 6.26291
1 6.26291
1 6.26291
1 6.26291
1 6.26291
1 6.26291
1 6.26291
1 6.26291
1 6.26291
1 6.26291
1 6.26291
1 6.26291
1 6.26291
1 6.26291
1 6.26291
1 6.26291
1 6.26291
1 6.26291
1 6.26291
1 6.26291
1 6.26291
1 6.26291
1 6.26291
1 6.26291
1 6.26292
1 6.26292
1 6.26292
1 6.26292
1 6.26292
1 6.26292
1 6.26292
1 6.26292
1 6.26292
1 6.26292
1 6.26292
1 6.26292
1 6.26292
1 6.26292
1 6.26292
1 6.26292
1 6.26292
1 6.26292
1 6.26292
1 6.26292
1 6.26292
1 6.26292
1 6.26292
1 6.26292
1 6.26292
1 6.26292
1 6.26292
1 6.26292
1 6.26292
1 6.26292
1 6.26292
1 6.26292
1 6.26292
1 6.26292
1 6.26292
1 6.26292
1 6.26292
1 6.26292
1 6.26292
1 6.26292
1 6.26292
1 6.26292
1 6.26292
1 6.26292
1 6.26292
1 6.26292
1 6.26292
1 6.26292
1 6.26292
1 6.26292
1 6.26292
1 6.26292
1 6.26292
1 6.26292
1 6.26292
1 6.26292
1 6.26292
1 6.26292
1 6.26292
1 6.26292
1 6.26292
1 6.26292
1 6.26292
1 6.26292
1 6.26292
1 6.26292
1 6.26292
1 6.26292
1 6.26292
1 6.26292
1 6.26292
1 6.26292
1 6.26292
1 6.26292
1 6.26292
1 6.26292
1 6.26292
1 6.26292
1 6.26292
1 6.26292
1 6.26292
1 6.26292
1 6.26292
1 6.26292
1 6.26292
1 6.26292
1 6.26292
1 6.26292
1 6.26292
1 6.26292
1 6.26292
1 6.26292
1 6.26292
1 6.26292
1 6.26292
1 6.26292
1 6.26292
1 6.26292
1 6.26292
1 6.26292
1 6.26292
1 6.26292
1 6.26292
1 6.26292
1 6.26292
1 6.26292
1 6.26292
1 6.26292
1 6.26292
1 6.26292
1 6.26292
1 6.26292
1 6.26292
1 6.26292
1 6.26292
1 6.26292
1 6.26292
1 6.26292
1 6.26292
1 6.26292
1 6.26292
1 6.26292
1 6.26292
1 6.26292
1 6.26292
1 6.26292
1 6.26292
1 6.26292
1 6.26292
1 6.26292
1 6.26292
1 6.26292
1 6.26292
1 6.26292
1 6.26292
1 6.26292
1 6.26292
1 6.26292
1 6.26292
1 6.26292
1 6.26292
1 6.26292
1 6.26292
1 6.26292
1 6.26292
1 6.26292
1 6.26292
1 6.26292
1 6.26292
1 6.26292
1 6.26292
1 6.26292
1 6.26292
1 6.26292
1 6.26292
1 6.26292
1 6.26292
1 6.26292
1 6.26292
1 6.26292
1 6.26292
1 6.26292
1 6.26292
1 6.26292
1 6.26292
1 6.26292
1 6.26292
1 6.26292
1 6.26292
1 6.26292
1 6.26292
1 6.26292
1 6.26292
1 6.26292
1 6.26292
1 6.26292
1 6.26292
1 6.26292
1 6.26292
1 6.26292
1 6.26292
1 6.26292
1 6.26292
1 6.26292
1 6.26292
1 6.26292
1 6.26292
1 6.26292
1 6.26292
1 6.26292
1 6.26292
1 6.26292
1 6.26292
1 6.26292
1 6.26292
1 6.26292
1 6.26292
1 6.26292
1 6.26292
1 6.26292
1 6.26292
1 6.26292
1 6.26292
1 6.26292
1 6.26292
1 6.26292
1 6.26292
1 6.26292
1 6.26292
1 6.26292
1 6.26292
1 6.26292
1 6.26292
1 6.26292
1 6.26292
1 6.26292
1 6.26292
1 6.26292
1 6.26292
1 6.26292
1 6.26292
1 6.26292
1 6.26292
1 6.26292
1 6.26292
1 6.26292
1 6.26292
1 6.26292
1 6.26292
1 6.26292
1 6.26292
1 6.26292
1 6.26292
1 6.26292
1 6.26292
1 6.26292
1 6.26292
1 6.26292
1 6.26292
1 6.26292
1 6.26292
1 6.26292
1 6.26292
1 6.26292
1 6.26292
1 6.26292
1 6.26292
1 6.26292
1 6.26292
1 6.26292
1 6.26292
1 6.26292
1 6.26292
1 6.26292
1 6.26292
1 6.26292
1 6.26292
1 6.26292
1 6.26292
1 6.26292
1 6.26292
1 6.26292
1 6.26292
1 6.26292
1 6.26292
1 6.26293
1 6.26293
1 6.26293
1 6.26293
1 6.26293
1 6.26293
1 6.26293
1 6.26293
1 6.26293
1 6.26293
1 6.26293
1 6.26293
1 6.26293
1 6.26293
1 6.26293
1 6.26293
1 6.26293
1 6.26293
1 6.26293
1 6.26293
1 6.26293
1 6.26293
1 6.26293
1 6.26293
1 6.26293
1 6.26293
1 6.26293
1 6.26293
1 6.26293
1 6.26293
1 6.26293
1 6.26293
1 6.26293
1 6.26293
1 6.26293
1 6.26293
1 6.26293
1 6.26293
1 6.26293
1 6.26293
1 6.26293
1 6.26293
1 6.26293
1 6.26293
1 6.26293
1 6.26293
1 6.26293
1 6.26293
1 6.26293
1 6.26293
1 6.26293
1 6.26293
1 6.26293
1 6.26293
1 6.26293
1 6.26293
1 6.26293
1 6.26293
1 6.26293
1 6.26293
1 6.26293
1 6.26293
1 6.26293
1 6.26293
1 6.26293
1 6.26293
1 6.26293
1 6.26293
1 6.26293
1 6.26293
1 6.26293
1 6.26293
1 6.26293
1 6.26293
1 6.26293
1 6.26293
1 6.26293
1 6.26293
1 6.26293
1 6.26293
1 6.26293
1 6.26293
1 6.26293
1 6.26293
1 6.26293
1 6.26293
1 6.26293
1 6.26293
1 6.26293
1 6.26293
1 6.26293
1 6.26293
1 6.26293
1 6.26293
1 6.26293
1 6.26293
1 6.26293
1 6.26293
1 6.26293
1 6.26293
1 6.26293
1 6.26293
1 6.26293
1 6.26293
1 6.26293
1 6.26293
1 6.26293
1 6.26293
1 6.26293
1 6.26293
1 6.26293
1 6.26293
1 6.26293
1 6.26293
1 6.26293
1 6.26293
1 6.26293
1 6.26293
1 6.26293
1 6.26293
1 6.26293
1 6.26293
1 6.26293
1 6.26293
1 6.26293
1 6.26293
1 6.26293
1 6.26293
1 6.26293
1 6.26293
1 6.26293
1 6.26293
1 6.26293
1 6.26293
1 6.26293
1 6.26293
1 6.26293
1 6.26293
1 6.26293
1 6.26293
1 6.26293
1 6.26293
1 6.26293
1 6.26293
1 6.26293
1 6.26293
1 6.26293
1 6.26293
1 6.26293
1 6.26293
1 6.26293
1 6.26293
1 6.26293
1 6.26293
1 6.26293
1 6.26293
1 6.26293
1 6.26293
1 6.26293
1 6.26293
1 6.26293
1 6.26293
1 6.26293
1 6.26293
1 6.26293
1 6.26293
1 6.26293
1 6.26293
1 6.26293
1 6.26293
1 6.26293
1 6.26293
1 6.26293
1 6.26293
1 6.26293
1 6.26293
1 6.26293
1 6.26293
1 6.26293
1 6.26293
1 6.26293
1 6.26293
1 6.26293
1 6.26293
1 6.26293
1 6.26293
1 6.26293
1 6.26293
1 6.26293
1 6.26293
1 6.26293
1 6.26293
1 6.26293
1 6.26293
1 6.26293
1 6.26293
1 6.26293
1 6.26293
1 6.26293
1 6.26293
1 6.26293
1 6.26293
1 6.26293
1 6.26293
1 6.26293
1 6.26293
1 6.26293
1 6.26293
1 6.26293
1 6.26293
1 6.26293
1 6.26293
1 6.26293
1 6.26293
1 6.26293
1 6.26293
1 6.26293
1 6.26293
1 6.26293
1 6.26293
1 6.26293
1 6.26293
1 6.26293
1 6.26293
1 6.26293
1 6.26293
1 6.26293
1 6.26293
1 6.26293
1 6.26293
1 6.26293
1 6.26293
1 6.26293
1 6.26293
1 6.26293
1 6.26293
1 6.26293
1 6.26293
1 6.26293
1 6.26293
1 6.26293
1 6.26293
1 6.26293
1 6.26293
1 6.26293
1 6.26293
1 6.26293
1 6.26293
1 6.26293
1 6.26293
1 6.26293
1 6.26293
1 6.26293
1 6.26293
1 6.26293
1 6.26293
1 6.26293
1 6.26293
1 6.26293
1 6.26293
1 6.26293
1 6.26293
1 6.26293
1 6.26293
1 6.26293
1 6.26294
1 6.26294
1 6.26294
1 6.26294
1 6.26294
1 6.26294
1 6.26294
1 6.26294
1 6.26294
1 6.26294
1 6.26294
1 6.26294
1 6.26294
1 6.26294
1 6.26294
1 6.26294
1 6.26294
1 6.26294
1 6.26294
1 6.26294
1 6.26294
1 6.26294
1 6.26294
1 6.26294
1 6.26294
1 6.26294
1 6.26294
1 6.26294
1 6.26294
1 6.26294
1 6.26294
1 6.26294
1 6.26294
1 6.26294
1 6.26294
1 6.26294
1 6.26294
1 6.26294
1 6.26294
1 6.26294
1 6.26294
1 6.26294
1 6.26294
1 6.26294
1 6.26294
1 6.26294
1 6.26294
1 6.26294
1 6.26294
1 6.26294
1 6.26294
1 6.26294
1 6.26294
1 6.26294
1 6.26294
1 6.26294
1 6.26294
1 6.26294
1 6.26294
1 6.26294
1 6.26294
1 6.26294
1 6.26294
1 6.26294
1 6.26294
1 6.26294
1 6.26294
1 6.26294
1 6.26294
1 6.26294
1 6.26294
1 6.26294
1 6.26294
1 6.26294
1 6.26294
1 6.26294
1 6.26294
1 6.26294
1 6.26294
1 6.26294
1 6.26294
1 6.26294
1 6.26294
1 6.26294
1 6.26294
1 6.26294
1 6.26294
1 6.26294
1 6.26294
1 6.26294
1 6.26294
1 6.26294
1 6.26294
1 6.26294
1 6.26294
1 6.26294
1 6.26294
1 6.26294
1 6.26294
1 6.26294
1 6.26294
1 6.26294
1 6.26294
1 6.26294
1 6.26294
1 6.26294
1 6.26294
1 6.26294
1 6.26294
1 6.26294
1 6.26294
1 6.26294
1 6.26294
1 6.26294
1 6.26294
1 6.26294
1 6.26294
1 6.26294
1 6.26294
1 6.26294
1 6.26294
1 6.26294
1 6.26294
1 6.26294
1 6.26294
1 6.26294
1 6.26294
1 6.26294
1 6.26294
1 6.26294
1 6.26294
1 6.26294
1 6.26294
1 6.26294
1 6.26294
1 6.26294
1 6.26294
1 6.26294
1 6.26294
1 6.26294
1 6.26294
1 6.26294
1 6.26294
1 6.26294
1 6.26294
1 6.26294
1 6.26294
1 6.26294
1 6.26294
1 6.26294
1 6.26294
1 6.26294
1 6.26294
1 6.26294
1 6.26294
1 6.26294
1 6.26294
1 6.26294
1 6.26294
1 6.26294
1 6.26294
1 6.26294
1 6.26294
1 6.26294
1 6.26294
1 6.26294
1 6.26294
1 6.26294
1 6.26294
1 6.26294
1 6.26294
1 6.26294
1 6.26294
1 6.26294
1 6.26294
1 6.26294
1 6.26294
1 6.26294
1 6.26294
1 6.26294
1 6.26294
1 6.26294
1 6.26294
1 6.26294
1 6.26294
1 6.26294
1 6.26294
1 6.26294
1 6.26294
1 6.26294
1 6.26294
1 6.26294
1 6.26294
1 6.26294
1 6.26294
1 6.26294
1 6.26294
1 6.26294
1 6.26294
1 6.26294
1 6.26294
1 6.26294
1 6.26294
