1e-05 985.752
1e-05 985.748
1e-05 985.744
1e-05 985.739
1e-05 985.734
1e-05 985.73
1e-05 985.725
1e-05 985.72
1e-05 985.715
1e-05 985.71
1e-05 985.705
1e-05 985.7
1e-05 985.695
1e-05 985.69
1e-05 985.685
1e-05 985.68
1e-05 985.675
1e-05 985.67
1e-05 985.665
1e-05 985.66
1e-05 985.655
1e-05 985.65
1e-05 985.645
1e-05 985.64
1e-05 985.635
1e-05 985.629
1e-05 985.624
1e-05 985.619
1e-05 985.614
1e-05 985.608
1e-05 985.603
1e-05 985.598
1e-05 985.592
1e-05 985.587
1e-05 985.582
1e-05 985.576
1e-05 985.571
1e-05 985.565
1e-05 985.56
1e-05 985.555
1e-05 985.549
1e-05 985.544
1e-05 985.538
1e-05 985.532
1e-05 985.527
1e-05 985.521
1e-05 985.516
1e-05 985.51
1e-05 985.504
1e-05 985.498
1e-05 985.493
1e-05 985.487
1e-05 985.481
1e-05 985.475
1e-05 985.47
1e-05 985.464
1e-05 985.458
1e-05 985.452
1e-05 985.446
1e-05 985.44
1e-05 985.434
1e-05 985.428
1e-05 985.422
1e-05 985.416
1e-05 985.41
1e-05 985.404
1e-05 985.398
1e-05 985.392
1e-05 985.386
1e-05 985.38
1e-05 985.373
1e-05 985.367
1e-05 985.361
1e-05 985.355
1e-05 985.348
1e-05 985.342
1e-05 985.336
1e-05 985.329
1e-05 985.323
1e-05 985.317
1e-05 985.31
1e-05 985.304
1e-05 985.297
1e-05 985.291
1e-05 985.284
1e-05 985.278
1e-05 985.271
1e-05 985.264
1e-05 985.258
1e-05 985.251
1e-05 985.244
1e-05 985.238
1e-05 985.231
1e-05 985.224
1e-05 985.217
1e-05 985.211
1e-05 985.204
1e-05 985.197
1e-05 985.19
1e-05 985.183
1e-05 985.176
1e-05 985.169
1e-05 985.162
1e-05 985.155
1e-05 985.148
1e-05 985.141
1e-05 985.134
1e-05 985.127
1e-05 985.119
1e-05 985.112
1e-05 985.105
1e-05 985.098
1e-05 985.09
1e-05 985.083
1e-05 985.076
1e-05 985.068
1e-05 985.061
1e-05 985.054
1e-05 985.046
1e-05 985.039
1e-05 985.031
1e-05 985.024
1e-05 985.016
1e-05 985.008
1e-05 985.001
1e-05 984.993
1e-05 984.985
1e-05 984.978
1e-05 984.97
1e-05 984.962
1e-05 984.954
1e-05 984.946
1e-05 984.938
1e-05 984.931
1e-05 984.923
1e-05 984.915
1e-05 984.907
1e-05 984.899
1e-05 984.891
1e-05 984.882
1e-05 984.874
1e-05 984.866
1e-05 984.858
1e-05 984.85
1e-05 984.841
1e-05 984.833
1e-05 984.825
1e-05 984.817
1e-05 984.808
1e-05 984.8
1e-05 984.791
1e-05 984.783
1e-05 984.774
1e-05 984.766
1e-05 984.757
1e-05 984.748
1e-05 984.74
1e-05 984.731
1e-05 984.722
1e-05 984.714
1e-05 984.705
1e-05 984.696
1e-05 984.687
1e-05 984.678
1e-05 984.669
1e-05 984.66
1e-05 984.651
1e-05 984.642
1e-05 984.633
1e-05 984.624
1e-05 984.615
1e-05 984.606
1e-05 984.597
1e-05 984.587
1e-05 984.578
1e-05 984.569
1e-05 984.56
1e-05 984.55
1e-05 984.541
1e-05 984.531
1e-05 984.522
1e-05 984.512
1e-05 984.503
1e-05 984.493
1e-05 984.483
1e-05 984.474
1e-05 984.464
1e-05 984.454
1e-05 984.444
1e-05 984.435
1e-05 984.425
1e-05 984.415
1e-05 984.405
1e-05 984.395
1e-05 984.385
1e-05 984.375
1e-05 984.365
1e-05 984.354
1e-05 984.344
1e-05 984.334
1e-05 984.324
1e-05 984.313
1e-05 984.303
1e-05 984.293
1e-05 984.282
1e-05 984.272
1e-05 984.261
1e-05 984.251
1e-05 984.24
1e-05 984.23
1e-05 984.219
1e-05 984.208
1e-05 984.197
1e-05 984.187
1e-05 984.176
1e-05 984.165
1e-05 984.154
1e-05 984.143
1e-05 984.132
1e-05 984.121
1e-05 984.11
1e-05 984.099
1e-05 984.088
1e-05 984.076
1e-05 984.065
1e-05 984.054
1e-05 984.042
1e-05 984.031
1e-05 984.019
1e-05 984.008
1e-05 983.996
1e-05 983.985
1e-05 983.973
1e-05 983.962
1e-05 983.95
1e-05 983.938
1e-05 983.926
1e-05 983.914
1e-05 983.903
1e-05 983.891
1e-05 983.879
1e-05 983.867
1e-05 983.854
1e-05 983.842
1e-05 983.83
1e-05 983.818
1e-05 983.806
1e-05 983.793
1e-05 983.781
1e-05 983.769
1e-05 983.756
1e-05 983.744
1e-05 983.731
1e-05 983.718
1e-05 983.706
1e-05 983.693
1e-05 983.68
1e-05 983.667
1e-05 983.655
1e-05 983.642
1e-05 983.629
1e-05 983.616
1e-05 983.603
1e-05 983.589
1e-05 983.576
1e-05 983.563
1e-05 983.55
1e-05 983.536
1e-05 983.523
1e-05 983.51
1e-05 983.496
1e-05 983.483
1e-05 983.469
1e-05 983.455
1e-05 983.442
1e-05 983.428
1e-05 983.414
1e-05 983.4
1e-05 983.386
1e-05 983.372
1e-05 983.358
1e-05 983.344
1e-05 983.33
1e-05 983.316
1e-05 983.302
1e-05 983.288
1e-05 983.273
1e-05 983.259
1e-05 983.244
1e-05 983.23
1e-05 983.215
1e-05 983.201
1e-05 983.186
1e-05 983.171
1e-05 983.156
1e-05 983.142
1e-05 983.127
1e-05 983.112
1e-05 983.097
1e-05 983.082
1e-05 983.066
1e-05 983.051
1e-05 983.036
1e-05 983.021
1e-05 983.005
1e-05 982.99
1e-05 982.974
1e-05 982.959
1e-05 982.943
1e-05 982.927
1e-05 982.912
1e-05 982.896
1e-05 982.88
1e-05 982.864
1e-05 982.848
1e-05 982.832
1e-05 982.816
1e-05 982.799
1e-05 982.783
1e-05 982.767
1e-05 982.751
1e-05 982.734
1e-05 982.718
1e-05 982.701
1e-05 982.684
1e-05 982.668
1e-05 982.651
1e-05 982.634
1e-05 982.617
1e-05 982.6
1e-05 982.583
1e-05 982.566
1e-05 982.549
1e-05 982.531
1e-05 982.514
1e-05 982.497
1e-05 982.479
1e-05 982.462
1e-05 982.444
1e-05 982.427
1e-05 982.409
1e-05 982.391
1e-05 982.373
1e-05 982.355
1e-05 982.337
1e-05 982.319
1e-05 982.301
1e-05 982.283
1e-05 982.264
1e-05 982.246
1e-05 982.228
1e-05 982.209
1e-05 982.19
1e-05 982.172
1e-05 982.153
1e-05 982.134
1e-05 982.115
1e-05 982.096
1e-05 982.077
1e-05 982.058
1e-05 982.039
1e-05 982.02
1e-05 982
1e-05 981.981
1e-05 981.961
1e-05 981.942
1e-05 981.922
1e-05 981.902
1e-05 981.882
1e-05 981.862
1e-05 981.842
1e-05 981.822
1e-05 981.802
1e-05 981.782
1e-05 981.762
1e-05 981.741
1e-05 981.721
1e-05 981.7
1e-05 981.679
1e-05 981.659
1e-05 981.638
1e-05 981.617
1e-05 981.596
1e-05 981.575
1e-05 981.554
1e-05 981.532
1e-05 981.511
1e-05 981.49
1e-05 981.468
1e-05 981.446
1e-05 981.425
1e-05 981.403
1e-05 981.381
1e-05 981.359
1e-05 981.337
1e-05 981.315
1e-05 981.292
1e-05 981.27
1e-05 981.247
1e-05 981.225
1e-05 981.202
1e-05 981.179
1e-05 981.157
1e-05 981.134
1e-05 981.111
1e-05 981.087
1e-05 981.064
1e-05 981.041
1e-05 981.017
1e-05 980.994
1e-05 980.97
1e-05 980.946
1e-05 980.922
1e-05 980.898
1e-05 980.874
1e-05 980.85
1e-05 980.826
1e-05 980.801
1e-05 980.777
1e-05 980.752
1e-05 980.727
1e-05 980.702
1e-05 980.677
1e-05 980.652
1e-05 980.627
1e-05 980.601
1e-05 980.576
1e-05 980.55
1e-05 980.525
1e-05 980.499
1e-05 980.473
1e-05 980.447
1e-05 980.421
1e-05 980.394
1e-05 980.368
1e-05 980.341
1e-05 980.314
1e-05 980.287
1e-05 980.26
1e-05 980.233
1e-05 980.206
1e-05 980.178
1e-05 980.151
1e-05 980.123
1e-05 980.095
1e-05 980.067
1e-05 980.039
1e-05 980.011
1e-05 979.982
1e-05 979.954
1e-05 979.925
1e-05 979.896
1e-05 979.867
1e-05 979.838
1e-05 979.808
1e-05 979.779
1e-05 979.749
1e-05 979.719
1e-05 979.689
1e-05 979.658
1e-05 979.628
1e-05 979.597
1e-05 979.566
1e-05 979.535
1e-05 979.504
1e-05 979.473
1e-05 979.441
1e-05 979.409
1e-05 979.377
1e-05 979.345
1e-05 979.313
1e-05 979.28
1e-05 979.247
1e-05 979.214
1e-05 979.181
1e-05 979.147
1e-05 979.113
1e-05 979.079
1e-05 979.045
1e-05 979.01
1e-05 978.976
1e-05 978.941
1e-05 978.905
1e-05 978.87
1e-05 978.834
1e-05 978.798
1e-05 978.761
1e-05 978.725
1e-05 978.688
1e-05 978.65
1e-05 978.613
1e-05 978.575
1e-05 978.537
1e-05 978.498
1e-05 978.459
1e-05 978.42
1e-05 978.38
1e-05 978.34
1e-05 978.3
1e-05 978.259
1e-05 978.218
1e-05 978.176
1e-05 978.134
1e-05 978.092
1e-05 978.049
1e-05 978.006
1e-05 977.962
1e-05 977.918
1e-05 977.873
1e-05 977.828
1e-05 977.783
1e-05 977.736
1e-05 977.69
1e-05 977.643
1e-05 977.595
1e-05 977.546
1e-05 977.497
1e-05 977.448
1e-05 977.398
1e-05 977.347
1e-05 977.296
1e-05 977.243
1e-05 977.191
1e-05 977.137
1e-05 977.083
1e-05 977.028
1e-05 976.972
1e-05 976.915
1e-05 976.858
1e-05 976.8
1e-05 976.74
1e-05 976.68
1e-05 976.619
1e-05 976.557
1e-05 976.494
1e-05 976.43
1e-05 976.365
1e-05 976.299
1e-05 976.232
1e-05 976.164
1e-05 976.094
1e-05 976.023
1e-05 975.951
1e-05 975.878
1e-05 975.803
1e-05 975.727
1e-05 975.65
1e-05 975.571
1e-05 975.49
1e-05 975.408
1e-05 975.324
1e-05 975.239
1e-05 975.152
1e-05 975.063
1e-05 974.972
1e-05 974.879
1e-05 974.784
1e-05 974.687
1e-05 974.588
1e-05 974.487
1e-05 974.384
1e-05 974.278
1e-05 974.17
1e-05 974.059
1e-05 973.946
1e-05 973.83
1e-05 973.711
1e-05 973.589
1e-05 973.464
1e-05 973.337
1e-05 973.206
1e-05 973.071
1e-05 972.934
1e-05 972.793
1e-05 972.648
1e-05 972.499
1e-05 972.347
1e-05 972.19
1e-05 972.029
1e-05 971.864
1e-05 971.695
1e-05 971.521
1e-05 971.342
1e-05 971.158
1e-05 970.969
1e-05 970.774
1e-05 970.574
1e-05 970.369
1e-05 970.157
1e-05 969.94
1e-05 969.716
1e-05 969.486
1e-05 969.248
1e-05 969.004
1e-05 968.753
1e-05 968.494
1e-05 968.227
1e-05 967.953
1e-05 967.67
1e-05 967.379
1e-05 967.078
1e-05 966.769
1e-05 966.45
1e-05 966.122
1e-05 965.783
1e-05 965.434
1e-05 965.074
1e-05 964.703
1e-05 964.32
1e-05 963.926
1e-05 963.519
1e-05 963.099
1e-05 962.667
1e-05 962.221
1e-05 961.761
1e-05 961.286
1e-05 960.797
1e-05 960.292
1e-05 959.772
1e-05 959.235
1e-05 958.681
1e-05 958.11
1e-05 957.521
1e-05 956.914
1e-05 956.287
1e-05 955.642
1e-05 954.976
1e-05 954.289
1e-05 953.581
1e-05 952.851
1e-05 952.099
1e-05 951.324
1e-05 950.524
1e-05 949.701
1e-05 948.852
1e-05 947.977
1e-05 947.076
1e-05 946.148
1e-05 945.193
1e-05 944.208
1e-05 943.195
1e-05 942.152
1e-05 941.079
1e-05 939.974
1e-05 938.838
1e-05 937.669
1e-05 936.467
1e-05 935.231
1e-05 933.961
1e-05 932.656
1e-05 931.315
1e-05 929.938
1e-05 928.525
1e-05 927.074
1e-05 925.586
1e-05 924.059
1e-05 922.494
1e-05 920.89
1e-05 919.247
1e-05 917.564
1e-05 915.842
1e-05 914.079
1e-05 912.277
1e-05 910.435
1e-05 908.553
1e-05 906.631
1e-05 904.67
1e-05 902.669
1e-05 900.63
1e-05 898.552
1e-05 896.436
1e-05 894.282
1e-05 892.092
1e-05 889.867
1e-05 887.606
1e-05 885.312
1e-05 882.985
1e-05 880.626
1e-05 878.237
1e-05 875.82
1e-05 873.374
1e-05 870.904
1e-05 868.408
1e-05 865.891
1e-05 863.352
1e-05 860.795
1e-05 858.22
1e-05 855.63
1e-05 853.027
1e-05 850.413
1e-05 847.79
1e-05 845.159
1e-05 842.524
1e-05 839.886
1e-05 837.246
1e-05 834.608
1e-05 831.973
1e-05 829.343
1e-05 826.72
1e-05 824.106
1e-05 821.503
1e-05 818.914
1e-05 816.338
1e-05 813.779
1e-05 811.239
1e-05 808.717
1e-05 806.218
1e-05 803.741
1e-05 801.288
1e-05 798.861
1e-05 796.46
1e-05 794.088
1e-05 791.745
1e-05 789.433
1e-05 787.152
1e-05 784.903
1e-05 782.688
1e-05 780.508
1e-05 778.362
1e-05 776.252
1e-05 774.179
1e-05 772.142
1e-05 770.144
1e-05 768.184
1e-05 766.262
1e-05 764.38
1e-05 762.537
1e-05 760.735
1e-05 758.972
1e-05 757.25
1e-05 755.568
1e-05 753.927
1e-05 752.327
1e-05 750.768
1e-05 749.249
1e-05 747.771
1e-05 746.333
1e-05 744.935
1e-05 743.578
1e-05 742.259
1e-05 740.98
1e-05 739.74
1e-05 738.538
1e-05 737.374
1e-05 736.247
1e-05 735.156
1e-05 734.101
1e-05 733.081
1e-05 732.095
1e-05 731.143
1e-05 730.223
1e-05 729.335
1e-05 728.478
1e-05 727.651
1e-05 726.853
1e-05 726.083
1e-05 725.341
1e-05 724.625
1e-05 723.934
1e-05 723.267
1e-05 722.624
1e-05 722.004
1e-05 721.405
1e-05 720.827
1e-05 720.269
1e-05 719.73
1e-05 719.21
1e-05 718.706
1e-05 718.219
1e-05 717.748
1e-05 717.292
1e-05 716.851
1e-05 716.422
1e-05 716.007
1e-05 715.604
1e-05 715.213
1e-05 714.832
1e-05 714.462
1e-05 714.102
1e-05 713.752
1e-05 713.41
1e-05 713.076
1e-05 712.75
1e-05 712.432
1e-05 712.12
1e-05 711.815
1e-05 711.516
1e-05 711.223
1e-05 710.936
1e-05 710.654
1e-05 710.376
1e-05 710.103
1e-05 709.834
1e-05 709.569
1e-05 709.308
1e-05 709.051
1e-05 708.796
1e-05 708.545
1e-05 708.297
1e-05 708.051
1e-05 707.808
1e-05 707.567
1e-05 707.328
1e-05 707.091
1e-05 706.856
1e-05 706.622
1e-05 706.391
1e-05 706.16
1e-05 705.932
1e-05 705.704
1e-05 705.477
1e-05 705.252
1e-05 705.027
1e-05 704.804
1e-05 704.581
1e-05 704.359
1e-05 704.137
1e-05 703.917
1e-05 703.696
1e-05 703.476
1e-05 703.257
1e-05 703.038
1e-05 702.819
1e-05 702.6
1e-05 702.382
1e-05 702.163
1e-05 701.945
1e-05 701.727
1e-05 701.509
1e-05 701.291
1e-05 701.073
1e-05 700.855
1e-05 700.636
1e-05 700.418
1e-05 700.2
1e-05 699.981
1e-05 699.762
1e-05 699.543
1e-05 699.324
1e-05 699.104
1e-05 698.884
1e-05 698.664
1e-05 698.443
1e-05 698.223
1e-05 698.001
1e-05 697.78
1e-05 697.558
1e-05 697.335
1e-05 697.113
1e-05 696.89
1e-05 696.666
1e-05 696.442
1e-05 696.217
1e-05 695.992
1e-05 695.767
1e-05 695.541
1e-05 695.315
1e-05 695.088
1e-05 694.86
1e-05 694.632
1e-05 694.404
1e-05 694.175
1e-05 693.945
1e-05 693.715
1e-05 693.485
1e-05 693.253
1e-05 693.022
1e-05 692.789
1e-05 692.557
1e-05 692.323
1e-05 692.089
1e-05 691.855
1e-05 691.62
1e-05 691.384
1e-05 691.148
1e-05 690.911
1e-05 690.673
1e-05 690.435
1e-05 690.197
1e-05 689.957
1e-05 689.718
1e-05 689.477
1e-05 689.236
1e-05 688.995
1e-05 688.753
1e-05 688.51
1e-05 688.267
1e-05 688.023
1e-05 687.778
1e-05 687.533
1e-05 687.287
1e-05 687.041
1e-05 686.794
1e-05 686.547
1e-05 686.299
1e-05 686.051
1e-05 685.802
1e-05 685.552
1e-05 685.302
1e-05 685.051
1e-05 684.8
1e-05 684.548
1e-05 684.295
1e-05 684.042
1e-05 683.789
1e-05 683.535
1e-05 683.28
1e-05 683.025
1e-05 682.77
1e-05 682.513
1e-05 682.257
1e-05 682
1e-05 681.742
1e-05 681.484
1e-05 681.225
1e-05 680.966
1e-05 680.706
1e-05 680.446
1e-05 680.185
1e-05 679.924
1e-05 679.663
1e-05 679.401
1e-05 679.138
1e-05 678.875
1e-05 678.612
1e-05 678.348
1e-05 678.083
1e-05 677.819
1e-05 677.554
1e-05 677.288
1e-05 677.022
1e-05 676.756
1e-05 676.489
1e-05 676.221
1e-05 675.954
1e-05 675.686
1e-05 675.417
1e-05 675.149
1e-05 674.879
1e-05 674.61
1e-05 674.34
1e-05 674.07
1e-05 673.799
1e-05 673.528
1e-05 673.257
1e-05 672.985
1e-05 672.713
1e-05 672.441
1e-05 672.168
1e-05 671.895
1e-05 671.622
1e-05 671.348
1e-05 671.074
1e-05 670.8
1e-05 670.525
1e-05 670.25
1e-05 669.975
1e-05 669.7
1e-05 669.424
1e-05 669.148
1e-05 668.872
1e-05 668.595
1e-05 668.319
1e-05 668.042
1e-05 667.764
1e-05 667.487
1e-05 667.209
1e-05 666.931
1e-05 666.652
1e-05 666.374
1e-05 666.095
1e-05 665.816
1e-05 665.537
1e-05 665.257
1e-05 664.978
1e-05 664.698
1e-05 664.417
1e-05 664.137
1e-05 663.856
1e-05 663.575
1e-05 663.294
1e-05 663.013
1e-05 662.732
1e-05 662.45
1e-05 662.168
1e-05 661.886
1e-05 661.603
1e-05 661.321
1e-05 661.038
1e-05 660.755
1e-05 660.472
1e-05 660.189
1e-05 659.905
1e-05 659.621
1e-05 659.337
1e-05 659.053
1e-05 658.768
1e-05 658.484
1e-05 658.199
1e-05 657.914
1e-05 657.628
1e-05 657.343
1e-05 657.057
1e-05 656.771
1e-05 656.485
1e-05 656.199
1e-05 655.912
1e-05 655.625
1e-05 655.338
1e-05 655.051
1e-05 654.763
1e-05 654.475
1e-05 654.187
1e-05 653.899
1e-05 653.61
1e-05 653.321
1e-05 653.032
1e-05 652.743
1e-05 652.453
1e-05 652.163
1e-05 651.873
1e-05 651.583
1e-05 651.292
1e-05 651.001
1e-05 650.71
1e-05 650.418
1e-05 650.126
1e-05 649.834
1e-05 649.541
1e-05 649.248
1e-05 648.955
1e-05 648.661
1e-05 648.367
1e-05 648.073
1e-05 647.778
1e-05 647.483
1e-05 647.187
1e-05 646.891
1e-05 646.595
1e-05 646.298
1e-05 646.001
1e-05 645.703
1e-05 645.405
1e-05 645.107
1e-05 644.808
1e-05 644.508
1e-05 644.208
1e-05 643.908
1e-05 643.607
1e-05 643.305
1e-05 643.003
1e-05 642.701
1e-05 642.397
1e-05 642.094
1e-05 641.789
1e-05 641.484
1e-05 641.179
1e-05 640.872
1e-05 640.566
1e-05 640.258
1e-05 639.95
1e-05 639.641
1e-05 639.331
1e-05 639.021
1e-05 638.71
1e-05 638.398
1e-05 638.085
1e-05 637.772
1e-05 637.458
1e-05 637.143
1e-05 636.827
1e-05 636.51
1e-05 636.192
1e-05 635.873
1e-05 635.554
1e-05 635.233
1e-05 634.911
1e-05 634.589
1e-05 634.265
1e-05 633.94
1e-05 633.615
1e-05 633.288
1e-05 632.96
1e-05 632.63
1e-05 632.3
1e-05 631.968
1e-05 631.635
1e-05 631.301
1e-05 630.966
1e-05 630.629
1e-05 630.29
1e-05 629.951
1e-05 629.609
1e-05 629.267
1e-05 628.922
1e-05 628.577
1e-05 628.229
1e-05 627.88
1e-05 627.529
1e-05 627.177
1e-05 626.823
1e-05 626.467
1e-05 626.109
1e-05 625.749
1e-05 625.387
1e-05 625.023
1e-05 624.657
1e-05 624.289
1e-05 623.918
1e-05 623.546
1e-05 623.171
1e-05 622.793
1e-05 622.414
1e-05 622.031
1e-05 621.646
1e-05 621.259
1e-05 620.869
1e-05 620.475
1e-05 620.079
1e-05 619.68
1e-05 619.278
1e-05 618.873
1e-05 618.465
1e-05 618.053
1e-05 617.637
1e-05 617.218
1e-05 616.796
1e-05 616.369
1e-05 615.939
1e-05 615.505
1e-05 615.066
1e-05 614.623
1e-05 614.176
1e-05 613.724
1e-05 613.268
1e-05 612.806
1e-05 612.34
1e-05 611.868
1e-05 611.391
1e-05 610.909
1e-05 610.42
1e-05 609.926
1e-05 609.426
1e-05 608.919
1e-05 608.406
1e-05 607.886
1e-05 607.359
1e-05 606.824
1e-05 606.283
1e-05 605.733
1e-05 605.176
1e-05 604.611
1e-05 604.037
1e-05 603.455
1e-05 602.864
1e-05 602.263
1e-05 601.654
1e-05 601.035
1e-05 600.407
1e-05 599.768
1e-05 599.12
1e-05 598.461
1e-05 597.793
1e-05 597.114
1e-05 596.426
1e-05 595.727
1e-05 595.018
1e-05 594.3
1e-05 593.572
1e-05 592.835
1e-05 592.09
1e-05 591.337
1e-05 590.576
1e-05 589.809
1e-05 589.036
1e-05 588.258
1e-05 587.476
1e-05 586.691
1e-05 585.904
1e-05 585.117
1e-05 584.331
1e-05 583.546
1e-05 582.765
1e-05 581.989
1e-05 581.218
1e-05 580.454
1e-05 579.698
1e-05 578.951
1e-05 578.214
1e-05 577.489
1e-05 576.776
1e-05 576.075
1e-05 575.388
1e-05 574.715
1e-05 574.057
1e-05 573.414
1e-05 572.786
1e-05 572.175
1e-05 571.579
1e-05 571
1e-05 570.437
1e-05 569.89
1e-05 569.36
1e-05 568.846
1e-05 568.348
1e-05 567.865
1e-05 567.399
1e-05 566.949
1e-05 566.513
1e-05 566.093
1e-05 565.687
1e-05 565.296
1e-05 564.919
1e-05 564.556
1e-05 564.206
1e-05 563.869
1e-05 563.545
1e-05 563.233
1e-05 562.932
1e-05 562.643
1e-05 562.366
1e-05 562.099
1e-05 561.842
1e-05 561.595
1e-05 561.358
1e-05 561.13
1e-05 560.91
1e-05 560.699
1e-05 560.497
1e-05 560.301
1e-05 560.114
1e-05 559.933
1e-05 559.76
1e-05 559.592
1e-05 559.431
1e-05 559.276
1e-05 559.126
1e-05 558.982
1e-05 558.843
1e-05 558.709
1e-05 558.579
1e-05 558.454
1e-05 558.333
1e-05 558.216
1e-05 558.102
1e-05 557.992
1e-05 557.886
1e-05 557.782
1e-05 557.682
1e-05 557.584
1e-05 557.489
1e-05 557.397
1e-05 557.307
1e-05 557.22
1e-05 557.134
1e-05 557.051
1e-05 556.969
1e-05 556.889
1e-05 556.811
1e-05 556.735
1e-05 556.66
1e-05 556.586
1e-05 556.514
1e-05 556.443
1e-05 556.373
1e-05 556.305
1e-05 556.237
1e-05 556.17
1e-05 556.105
1e-05 556.04
1e-05 555.975
1e-05 555.912
1e-05 555.849
1e-05 555.787
1e-05 555.726
1e-05 555.665
1e-05 555.604
1e-05 555.544
1e-05 555.485
1e-05 555.425
1e-05 555.367
1e-05 555.308
1e-05 555.25
1e-05 555.192
1e-05 555.135
1e-05 555.077
1e-05 555.02
1e-05 554.963
1e-05 554.907
1e-05 554.85
1e-05 554.794
1e-05 554.737
1e-05 554.681
1e-05 554.625
1e-05 554.569
1e-05 554.513
1e-05 554.457
1e-05 554.401
1e-05 554.345
1e-05 554.289
1e-05 554.233
1e-05 554.177
1e-05 554.121
1e-05 554.065
1e-05 554.009
1e-05 553.953
1e-05 553.897
1e-05 553.841
1e-05 553.785
1e-05 553.728
1e-05 553.672
1e-05 553.616
1e-05 553.559
1e-05 553.502
1e-05 553.446
1e-05 553.389
1e-05 553.332
1e-05 553.275
1e-05 553.218
1e-05 553.16
1e-05 553.103
1e-05 553.045
1e-05 552.988
1e-05 552.93
1e-05 552.872
1e-05 552.814
1e-05 552.756
1e-05 552.697
1e-05 552.639
1e-05 552.58
1e-05 552.521
1e-05 552.462
1e-05 552.403
1e-05 552.344
1e-05 552.285
1e-05 552.225
1e-05 552.165
1e-05 552.105
1e-05 552.045
1e-05 551.985
1e-05 551.925
1e-05 551.864
1e-05 551.804
1e-05 551.743
1e-05 551.682
1e-05 551.621
1e-05 551.559
1e-05 551.498
1e-05 551.436
1e-05 551.374
1e-05 551.312
1e-05 551.25
1e-05 551.188
1e-05 551.126
1e-05 551.063
1e-05 551
1e-05 550.937
1e-05 550.874
1e-05 550.811
1e-05 550.747
1e-05 550.684
1e-05 550.62
1e-05 550.556
1e-05 550.492
1e-05 550.427
1e-05 550.363
1e-05 550.298
1e-05 550.234
1e-05 550.169
1e-05 550.103
1e-05 550.038
1e-05 549.973
1e-05 549.907
1e-05 549.841
1e-05 549.776
1e-05 549.709
1e-05 549.643
1e-05 549.577
1e-05 549.51
1e-05 549.444
1e-05 549.377
1e-05 549.31
1e-05 549.242
1e-05 549.175
1e-05 549.108
1e-05 549.04
1e-05 548.972
1e-05 548.904
1e-05 548.836
1e-05 548.768
1e-05 548.699
1e-05 548.631
1e-05 548.562
1e-05 548.493
1e-05 548.424
1e-05 548.355
1e-05 548.286
1e-05 548.216
1e-05 548.147
1e-05 548.077
1e-05 548.007
1e-05 547.937
1e-05 547.867
1e-05 547.797
1e-05 547.726
1e-05 547.655
1e-05 547.585
1e-05 547.514
1e-05 547.443
1e-05 547.372
1e-05 547.3
1e-05 547.229
1e-05 547.157
1e-05 547.086
1e-05 547.014
1e-05 546.942
1e-05 546.87
1e-05 546.797
1e-05 546.725
1e-05 546.652
1e-05 546.58
1e-05 546.507
1e-05 546.434
1e-05 546.361
1e-05 546.288
1e-05 546.214
1e-05 546.141
1e-05 546.067
1e-05 545.994
1e-05 545.92
1e-05 545.846
1e-05 545.772
1e-05 545.698
1e-05 545.623
1e-05 545.549
1e-05 545.474
1e-05 545.4
1e-05 545.325
1e-05 545.25
1e-05 545.175
1e-05 545.1
1e-05 545.025
1e-05 544.949
1e-05 544.874
1e-05 544.798
1e-05 544.722
1e-05 544.646
1e-05 544.57
1e-05 544.494
1e-05 544.418
1e-05 544.342
1e-05 544.265
1e-05 544.189
1e-05 544.112
1e-05 544.035
1e-05 543.958
1e-05 543.881
1e-05 543.804
1e-05 543.727
1e-05 543.649
1e-05 543.572
1e-05 543.494
1e-05 543.417
1e-05 543.339
1e-05 543.261
1e-05 543.183
1e-05 543.105
1e-05 543.027
1e-05 542.948
1e-05 542.87
1e-05 542.791
1e-05 542.712
1e-05 542.634
1e-05 542.555
1e-05 542.476
1e-05 542.397
1e-05 542.317
1e-05 542.238
1e-05 542.159
1e-05 542.079
1e-05 541.999
1e-05 541.92
1e-05 541.84
1e-05 541.76
1e-05 541.68
1e-05 541.6
1e-05 541.519
1e-05 541.439
1e-05 541.358
1e-05 541.278
1e-05 541.197
1e-05 541.116
1e-05 541.035
1e-05 540.954
1e-05 540.873
1e-05 540.792
1e-05 540.711
1e-05 540.629
1e-05 540.548
1e-05 540.466
1e-05 540.384
1e-05 540.302
1e-05 540.22
1e-05 540.138
1e-05 540.056
1e-05 539.974
1e-05 539.892
1e-05 539.809
1e-05 539.727
1e-05 539.644
1e-05 539.561
1e-05 539.478
1e-05 539.395
1e-05 539.312
1e-05 539.229
1e-05 539.146
1e-05 539.062
1e-05 538.979
1e-05 538.895
1e-05 538.812
1e-05 538.728
1e-05 538.644
1e-05 538.56
1e-05 538.476
1e-05 538.392
1e-05 538.307
1e-05 538.223
1e-05 538.139
1e-05 538.054
1e-05 537.969
1e-05 537.884
1e-05 537.8
1e-05 537.715
1e-05 537.629
1e-05 537.544
1e-05 537.459
1e-05 537.374
1e-05 537.288
1e-05 537.203
1e-05 537.117
1e-05 537.031
1e-05 536.945
1e-05 536.859
1e-05 536.773
1e-05 536.687
1e-05 536.601
1e-05 536.514
1e-05 536.428
1e-05 536.341
1e-05 536.255
1e-05 536.168
1e-05 536.081
1e-05 535.994
1e-05 535.907
1e-05 535.82
1e-05 535.733
1e-05 535.646
1e-05 535.558
1e-05 535.471
1e-05 535.383
1e-05 535.295
1e-05 535.208
1e-05 535.12
1e-05 535.032
1e-05 534.944
1e-05 534.856
1e-05 534.767
1e-05 534.679
1e-05 534.591
1e-05 534.502
1e-05 534.414
1e-05 534.325
1e-05 534.236
1e-05 534.147
1e-05 534.058
1e-05 533.969
1e-05 533.88
1e-05 533.791
1e-05 533.702
1e-05 533.612
1e-05 533.523
1e-05 533.433
1e-05 533.344
1e-05 533.254
1e-05 533.164
1e-05 533.074
1e-05 532.984
1e-05 532.894
1e-05 532.804
1e-05 532.714
1e-05 532.623
1e-05 532.533
1e-05 532.443
1e-05 532.352
1e-05 532.261
1e-05 532.171
1e-05 532.08
1e-05 531.989
1e-05 531.898
1e-05 531.807
1e-05 531.716
1e-05 531.625
1e-05 531.534
1e-05 531.442
1e-05 531.351
1e-05 531.259
1e-05 531.168
1e-05 531.076
1e-05 530.984
1e-05 530.893
1e-05 530.801
1e-05 530.709
1e-05 530.617
1e-05 530.525
1e-05 530.433
1e-05 530.341
1e-05 530.248
1e-05 530.156
1e-05 530.063
1e-05 529.971
1e-05 529.878
1e-05 529.786
1e-05 529.693
1e-05 529.6
1e-05 529.508
1e-05 529.415
1e-05 529.322
1e-05 529.229
1e-05 529.136
1e-05 529.043
1e-05 528.949
1e-05 528.856
1e-05 528.763
1e-05 528.669
1e-05 528.576
1e-05 528.483
1e-05 528.389
1e-05 528.295
1e-05 528.202
1e-05 528.108
1e-05 528.014
1e-05 527.92
1e-05 527.826
1e-05 527.732
1e-05 527.638
1e-05 527.544
1e-05 527.45
1e-05 527.356
1e-05 527.262
1e-05 527.168
1e-05 527.073
1e-05 526.979
1e-05 526.885
1e-05 526.79
1e-05 526.696
1e-05 526.601
1e-05 526.506
1e-05 526.412
1e-05 526.317
1e-05 526.222
1e-05 526.127
1e-05 526.032
1e-05 525.938
1e-05 525.843
1e-05 525.748
1e-05 525.653
1e-05 525.557
1e-05 525.462
1e-05 525.367
1e-05 525.272
1e-05 525.177
1e-05 525.081
1e-05 524.986
1e-05 524.891
1e-05 524.795
1e-05 524.7
1e-05 524.604
1e-05 524.509
1e-05 524.413
1e-05 524.317
1e-05 524.222
1e-05 524.126
1e-05 524.03
1e-05 523.935
1e-05 523.839
1e-05 523.743
1e-05 523.647
1e-05 523.551
1e-05 523.455
1e-05 523.359
1e-05 523.263
1e-05 523.167
1e-05 523.071
1e-05 522.975
1e-05 522.879
1e-05 522.783
1e-05 522.687
1e-05 522.59
1e-05 522.494
1e-05 522.398
1e-05 522.301
1e-05 522.205
1e-05 522.109
1e-05 522.012
1e-05 521.916
1e-05 521.819
1e-05 521.723
1e-05 521.626
1e-05 521.53
1e-05 521.433
1e-05 521.337
1e-05 521.24
1e-05 521.143
1e-05 521.047
1e-05 520.95
1e-05 520.853
1e-05 520.757
1e-05 520.66
1e-05 520.563
1e-05 520.466
1e-05 520.369
1e-05 520.273
1e-05 520.176
1e-05 520.079
1e-05 519.982
1e-05 519.885
1e-05 519.788
1e-05 519.691
1e-05 519.594
1e-05 519.497
1e-05 519.4
1e-05 519.303
1e-05 519.206
1e-05 519.109
1e-05 519.012
1e-05 518.915
1e-05 518.818
1e-05 518.72
1e-05 518.623
1e-05 518.526
1e-05 518.429
1e-05 518.332
1e-05 518.234
1e-05 518.137
1e-05 518.04
1e-05 517.943
1e-05 517.845
1e-05 517.748
1e-05 517.651
1e-05 517.553
1e-05 517.456
1e-05 517.359
1e-05 517.261
1e-05 517.164
1e-05 517.066
1e-05 516.969
1e-05 516.872
1e-05 516.774
1e-05 516.677
1e-05 516.579
1e-05 516.482
1e-05 516.384
1e-05 516.287
1e-05 516.189
1e-05 516.092
1e-05 515.994
1e-05 515.897
1e-05 515.799
1e-05 515.702
1e-05 515.604
1e-05 515.506
1e-05 515.409
1e-05 515.311
1e-05 515.214
1e-05 515.116
1e-05 515.018
1e-05 514.921
1e-05 514.823
1e-05 514.725
1e-05 514.628
1e-05 514.53
1e-05 514.433
1e-05 514.335
1e-05 514.237
1e-05 514.139
1e-05 514.042
1e-05 513.944
1e-05 513.846
1e-05 513.749
1e-05 513.651
1e-05 513.553
1e-05 513.456
1e-05 513.358
1e-05 513.26
1e-05 513.162
1e-05 513.065
1e-05 512.967
1e-05 512.869
1e-05 512.771
1e-05 512.674
1e-05 512.576
1e-05 512.478
1e-05 512.38
1e-05 512.282
1e-05 512.185
1e-05 512.087
1e-05 511.989
1e-05 511.891
1e-05 511.793
1e-05 511.696
1e-05 511.598
1e-05 511.5
1e-05 511.402
1e-05 511.304
1e-05 511.207
1e-05 511.109
1e-05 511.011
1e-05 510.913
1e-05 510.815
1e-05 510.718
1e-05 510.62
1e-05 510.522
1e-05 510.424
1e-05 510.326
1e-05 510.228
1e-05 510.13
1e-05 510.033
1e-05 509.935
1e-05 509.837
1e-05 509.739
1e-05 509.641
1e-05 509.543
1e-05 509.446
1e-05 509.348
1e-05 509.25
1e-05 509.152
1e-05 509.054
1e-05 508.956
1e-05 508.858
1e-05 508.761
1e-05 508.663
1e-05 508.565
1e-05 508.467
1e-05 508.369
1e-05 508.271
1e-05 508.173
1e-05 508.076
1e-05 507.978
1e-05 507.88
1e-05 507.782
1e-05 507.684
1e-05 507.586
1e-05 507.488
1e-05 507.39
1e-05 507.293
1e-05 507.195
1e-05 507.097
1e-05 506.999
1e-05 506.901
1e-05 506.803
1e-05 506.705
1e-05 506.608
1e-05 506.51
1e-05 506.412
1e-05 506.314
1e-05 506.216
1e-05 506.118
1e-05 506.02
1e-05 505.922
1e-05 505.825
1e-05 505.727
1e-05 505.629
1e-05 505.531
1e-05 505.433
1e-05 505.335
1e-05 505.237
1e-05 505.14
1e-05 505.042
1e-05 504.944
1e-05 504.846
1e-05 504.748
1e-05 504.65
1e-05 504.552
1e-05 504.455
1e-05 504.357
1e-05 504.259
1e-05 504.161
1e-05 504.063
1e-05 503.965
1e-05 503.867
1e-05 503.77
1e-05 503.672
1e-05 503.574
1e-05 503.476
1e-05 503.378
1e-05 503.28
1e-05 503.182
1e-05 503.085
1e-05 502.987
1e-05 502.889
1e-05 502.791
1e-05 502.693
1e-05 502.595
1e-05 502.497
1e-05 502.4
1e-05 502.302
1e-05 502.204
1e-05 502.106
1e-05 502.008
1e-05 501.91
1e-05 501.813
1e-05 501.715
1e-05 501.617
1e-05 501.519
1e-05 501.421
1e-05 501.323
1e-05 501.225
1e-05 501.128
1e-05 501.03
1e-05 500.932
1e-05 500.834
1e-05 500.736
1e-05 500.638
1e-05 500.54
1e-05 500.443
1e-05 500.345
1e-05 500.247
1e-05 500.149
1e-05 500.051
1e-05 499.953
1e-05 499.856
1e-05 499.758
1e-05 499.66
1e-05 499.562
1e-05 499.464
1e-05 499.366
1e-05 499.268
1e-05 499.171
1e-05 499.073
1e-05 498.975
1e-05 498.877
1e-05 498.779
1e-05 498.681
1e-05 498.583
1e-05 498.485
1e-05 498.388
1e-05 498.29
1e-05 498.192
1e-05 498.094
1e-05 497.996
1e-05 497.898
1e-05 497.8
1e-05 497.703
1e-05 497.605
1e-05 497.507
1e-05 497.409
1e-05 497.311
1e-05 497.213
1e-05 497.115
1e-05 497.017
1e-05 496.919
1e-05 496.822
1e-05 496.724
1e-05 496.626
1e-05 496.528
1e-05 496.43
1e-05 496.332
1e-05 496.234
1e-05 496.136
1e-05 496.038
1e-05 495.94
1e-05 495.842
1e-05 495.745
1e-05 495.647
1e-05 495.549
1e-05 495.451
1e-05 495.353
1e-05 495.255
1e-05 495.157
1e-05 495.059
1e-05 494.961
1e-05 494.863
1e-05 494.765
1e-05 494.667
1e-05 494.569
1e-05 494.471
1e-05 494.373
1e-05 494.275
1e-05 494.177
1e-05 494.079
1e-05 493.981
1e-05 493.883
1e-05 493.785
1e-05 493.687
1e-05 493.589
1e-05 493.491
1e-05 493.393
1e-05 493.295
1e-05 493.197
1e-05 493.099
1e-05 493.001
1e-05 492.903
1e-05 492.805
1e-05 492.707
1e-05 492.609
1e-05 492.511
1e-05 492.413
1e-05 492.315
1e-05 492.217
1e-05 492.119
1e-05 492.021
1e-05 491.923
1e-05 491.824
1e-05 491.726
1e-05 491.628
1e-05 491.53
1e-05 491.432
1e-05 491.334
1e-05 491.236
1e-05 491.138
1e-05 491.039
1e-05 490.941
1e-05 490.843
1e-05 490.745
1e-05 490.647
1e-05 490.549
1e-05 490.45
1e-05 490.352
1e-05 490.254
1e-05 490.156
1e-05 490.058
1e-05 489.959
1e-05 489.861
1e-05 489.763
1e-05 489.665
1e-05 489.566
1e-05 489.468
1e-05 489.37
1e-05 489.271
1e-05 489.173
1e-05 489.075
1e-05 488.977
1e-05 488.878
1e-05 488.78
1e-05 488.682
1e-05 488.583
1e-05 488.485
1e-05 488.386
1e-05 488.288
1e-05 488.19
1e-05 488.091
1e-05 487.993
1e-05 487.894
1e-05 487.796
1e-05 487.698
1e-05 487.599
1e-05 487.501
1e-05 487.402
1e-05 487.304
1e-05 487.205
1e-05 487.107
1e-05 487.008
1e-05 486.91
1e-05 486.811
1e-05 486.713
1e-05 486.614
1e-05 486.515
1e-05 486.417
1e-05 486.318
1e-05 486.22
1e-05 486.121
1e-05 486.022
1e-05 485.924
1e-05 485.825
1e-05 485.726
1e-05 485.628
1e-05 485.529
1e-05 485.43
1e-05 485.332
1e-05 485.233
1e-05 485.134
1e-05 485.035
1e-05 484.937
1e-05 484.838
1e-05 484.739
1e-05 484.64
1e-05 484.541
1e-05 484.442
1e-05 484.344
1e-05 484.245
1e-05 484.146
1e-05 484.047
1e-05 483.948
1e-05 483.849
1e-05 483.75
1e-05 483.651
1e-05 483.552
1e-05 483.453
1e-05 483.354
1e-05 483.255
1e-05 483.156
1e-05 483.057
1e-05 482.958
1e-05 482.859
1e-05 482.76
1e-05 482.66
1e-05 482.561
1e-05 482.462
1e-05 482.363
1e-05 482.264
1e-05 482.164
1e-05 482.065
1e-05 481.966
1e-05 481.867
1e-05 481.767
1e-05 481.668
1e-05 481.569
1e-05 481.469
1e-05 481.37
1e-05 481.271
1e-05 481.171
1e-05 481.072
1e-05 480.972
1e-05 480.873
1e-05 480.773
1e-05 480.674
1e-05 480.574
1e-05 480.475
1e-05 480.375
1e-05 480.276
1e-05 480.176
1e-05 480.076
1e-05 479.977
1e-05 479.877
1e-05 479.777
1e-05 479.678
1e-05 479.578
1e-05 479.478
1e-05 479.378
1e-05 479.278
1e-05 479.179
1e-05 479.079
1e-05 478.979
1e-05 478.879
1e-05 478.779
1e-05 478.679
1e-05 478.579
1e-05 478.479
1e-05 478.379
1e-05 478.279
1e-05 478.179
1e-05 478.079
1e-05 477.979
1e-05 477.879
1e-05 477.778
1e-05 477.678
1e-05 477.578
1e-05 477.478
1e-05 477.377
1e-05 477.277
1e-05 477.177
1e-05 477.076
1e-05 476.976
1e-05 476.876
1e-05 476.775
1e-05 476.675
1e-05 476.574
1e-05 476.474
1e-05 476.373
1e-05 476.273
1e-05 476.172
1e-05 476.071
1e-05 475.971
1e-05 475.87
1e-05 475.769
1e-05 475.668
1e-05 475.568
1e-05 475.467
1e-05 475.366
1e-05 475.265
1e-05 475.164
1e-05 475.063
1e-05 474.962
1e-05 474.861
1e-05 474.76
1e-05 474.659
1e-05 474.558
1e-05 474.457
1e-05 474.356
1e-05 474.255
1e-05 474.153
1e-05 474.052
1e-05 473.951
1e-05 473.849
1e-05 473.748
1e-05 473.647
1e-05 473.545
1e-05 473.444
1e-05 473.342
1e-05 473.241
1e-05 473.139
1e-05 473.038
1e-05 472.936
1e-05 472.834
1e-05 472.732
1e-05 472.631
1e-05 472.529
1e-05 472.427
1e-05 472.325
1e-05 472.223
1e-05 472.121
1e-05 472.019
1e-05 471.917
1e-05 471.815
1e-05 471.713
1e-05 471.611
1e-05 471.509
1e-05 471.407
1e-05 471.304
1e-05 471.202
1e-05 471.1
1e-05 470.997
1e-05 470.895
1e-05 470.792
1e-05 470.69
1e-05 470.587
1e-05 470.485
1e-05 470.382
1e-05 470.279
1e-05 470.177
1e-05 470.074
1e-05 469.971
1e-05 469.868
1e-05 469.765
1e-05 469.662
1e-05 469.559
1e-05 469.456
1e-05 469.353
1e-05 469.25
1e-05 469.147
1e-05 469.044
1e-05 468.94
1e-05 468.837
1e-05 468.734
1e-05 468.63
1e-05 468.527
1e-05 468.423
1e-05 468.32
1e-05 468.216
1e-05 468.112
1e-05 468.009
1e-05 467.905
1e-05 467.801
1e-05 467.697
1e-05 467.593
1e-05 467.489
1e-05 467.385
1e-05 467.281
1e-05 467.177
1e-05 467.073
1e-05 466.969
1e-05 466.864
1e-05 466.76
1e-05 466.656
1e-05 466.551
1e-05 466.447
1e-05 466.342
1e-05 466.237
1e-05 466.133
1e-05 466.028
1e-05 465.923
1e-05 465.818
1e-05 465.713
1e-05 465.608
1e-05 465.503
1e-05 465.398
1e-05 465.293
1e-05 465.188
1e-05 465.083
1e-05 464.977
1e-05 464.872
1e-05 464.766
1e-05 464.661
1e-05 464.555
1e-05 464.449
1e-05 464.344
1e-05 464.238
1e-05 464.132
1e-05 464.026
1e-05 463.92
1e-05 463.814
1e-05 463.708
1e-05 463.602
1e-05 463.496
1e-05 463.389
1e-05 463.283
1e-05 463.176
1e-05 463.07
1e-05 462.963
1e-05 462.857
1e-05 462.75
1e-05 462.643
1e-05 462.536
1e-05 462.429
1e-05 462.322
1e-05 462.215
1e-05 462.108
1e-05 462
1e-05 461.893
1e-05 461.786
1e-05 461.678
1e-05 461.571
1e-05 461.463
1e-05 461.355
1e-05 461.247
1e-05 461.14
1e-05 461.032
1e-05 460.924
1e-05 460.815
1e-05 460.707
1e-05 460.599
1e-05 460.491
1e-05 460.382
1e-05 460.274
1e-05 460.165
1e-05 460.056
1e-05 459.947
1e-05 459.838
1e-05 459.729
1e-05 459.62
1e-05 459.511
1e-05 459.402
1e-05 459.293
1e-05 459.183
1e-05 459.074
1e-05 458.964
1e-05 458.854
1e-05 458.745
1e-05 458.635
1e-05 458.525
1e-05 458.415
1e-05 458.305
1e-05 458.194
1e-05 458.084
1e-05 457.973
1e-05 457.863
1e-05 457.752
1e-05 457.641
1e-05 457.531
1e-05 457.42
1e-05 457.309
1e-05 457.197
1e-05 457.086
1e-05 456.975
1e-05 456.863
1e-05 456.752
1e-05 456.64
1e-05 456.528
1e-05 456.416
1e-05 456.304
1e-05 456.192
1e-05 456.08
1e-05 455.967
1e-05 455.855
1e-05 455.742
1e-05 455.63
1e-05 455.517
1e-05 455.404
1e-05 455.291
1e-05 455.178
1e-05 455.064
1e-05 454.951
1e-05 454.837
1e-05 454.724
1e-05 454.61
1e-05 454.496
1e-05 454.382
1e-05 454.268
1e-05 454.153
1e-05 454.039
1e-05 453.924
1e-05 453.81
1e-05 453.695
1e-05 453.58
1e-05 453.465
1e-05 453.35
1e-05 453.234
1e-05 453.119
1e-05 453.003
1e-05 452.887
1e-05 452.771
1e-05 452.655
1e-05 452.539
1e-05 452.423
1e-05 452.306
1e-05 452.19
1e-05 452.073
1e-05 451.956
1e-05 451.839
1e-05 451.722
1e-05 451.604
1e-05 451.487
1e-05 451.369
1e-05 451.251
1e-05 451.133
1e-05 451.015
1e-05 450.897
1e-05 450.778
1e-05 450.66
1e-05 450.541
1e-05 450.422
1e-05 450.303
1e-05 450.183
1e-05 450.064
1e-05 449.944
1e-05 449.824
1e-05 449.704
1e-05 449.584
1e-05 449.464
1e-05 449.343
1e-05 449.223
1e-05 449.102
1e-05 448.981
1e-05 448.859
1e-05 448.738
1e-05 448.616
1e-05 448.494
1e-05 448.372
1e-05 448.25
1e-05 448.128
1e-05 448.005
1e-05 447.882
1e-05 447.759
1e-05 447.636
1e-05 447.512
1e-05 447.389
1e-05 447.265
1e-05 447.141
1e-05 447.016
1e-05 446.892
1e-05 446.767
1e-05 446.642
1e-05 446.517
1e-05 446.392
1e-05 446.266
1e-05 446.14
1e-05 446.014
1e-05 445.888
1e-05 445.761
1e-05 445.634
1e-05 445.507
1e-05 445.38
1e-05 445.252
1e-05 445.125
1e-05 444.997
1e-05 444.868
1e-05 444.74
1e-05 444.611
1e-05 444.482
1e-05 444.353
1e-05 444.223
1e-05 444.093
1e-05 443.963
1e-05 443.833
1e-05 443.702
1e-05 443.571
1e-05 443.44
1e-05 443.308
1e-05 443.176
1e-05 443.044
1e-05 442.912
1e-05 442.779
1e-05 442.646
1e-05 442.513
1e-05 442.379
1e-05 442.245
1e-05 442.111
1e-05 441.976
1e-05 441.841
1e-05 441.706
1e-05 441.571
1e-05 441.435
1e-05 441.298
1e-05 441.162
1e-05 441.025
1e-05 440.888
1e-05 440.75
1e-05 440.612
1e-05 440.473
1e-05 440.335
1e-05 440.196
1e-05 440.056
1e-05 439.916
1e-05 439.776
1e-05 439.635
1e-05 439.494
1e-05 439.353
1e-05 439.211
1e-05 439.069
1e-05 438.926
1e-05 438.783
1e-05 438.639
1e-05 438.495
1e-05 438.351
1e-05 438.206
1e-05 438.061
1e-05 437.915
1e-05 437.769
1e-05 437.622
1e-05 437.475
1e-05 437.327
1e-05 437.179
1e-05 437.03
1e-05 436.881
1e-05 436.732
1e-05 436.581
1e-05 436.431
1e-05 436.28
1e-05 436.128
1e-05 435.976
1e-05 435.823
1e-05 435.669
1e-05 435.515
1e-05 435.361
1e-05 435.206
1e-05 435.05
1e-05 434.893
1e-05 434.737
1e-05 434.579
1e-05 434.421
1e-05 434.262
1e-05 434.102
1e-05 433.942
1e-05 433.781
1e-05 433.62
1e-05 433.458
1e-05 433.295
1e-05 433.131
1e-05 432.967
1e-05 432.801
1e-05 432.636
1e-05 432.469
1e-05 432.302
1e-05 432.133
1e-05 431.964
1e-05 431.794
1e-05 431.624
1e-05 431.452
1e-05 431.28
1e-05 431.107
1e-05 430.932
1e-05 430.757
1e-05 430.581
1e-05 430.404
1e-05 430.227
1e-05 430.048
1e-05 429.868
1e-05 429.687
1e-05 429.505
1e-05 429.322
1e-05 429.138
1e-05 428.953
1e-05 428.766
1e-05 428.579
1e-05 428.39
1e-05 428.201
1e-05 428.01
1e-05 427.817
1e-05 427.624
1e-05 427.429
1e-05 427.233
1e-05 427.036
1e-05 426.837
1e-05 426.637
1e-05 426.435
1e-05 426.232
1e-05 426.027
1e-05 425.821
1e-05 425.613
1e-05 425.404
1e-05 425.193
1e-05 424.981
1e-05 424.766
1e-05 424.55
1e-05 424.333
1e-05 424.113
1e-05 423.892
1e-05 423.668
1e-05 423.443
1e-05 423.215
1e-05 422.986
1e-05 422.754
1e-05 422.521
1e-05 422.285
1e-05 422.047
1e-05 421.806
1e-05 421.564
1e-05 421.318
1e-05 421.071
1e-05 420.82
1e-05 420.568
1e-05 420.312
1e-05 420.054
1e-05 419.793
1e-05 419.529
1e-05 419.262
1e-05 418.992
1e-05 418.72
1e-05 418.444
1e-05 418.164
1e-05 417.882
1e-05 417.596
1e-05 417.307
1e-05 417.014
1e-05 416.718
1e-05 416.418
1e-05 416.114
1e-05 415.807
1e-05 415.496
1e-05 415.181
1e-05 414.862
1e-05 414.539
1e-05 414.212
1e-05 413.881
1e-05 413.546
1e-05 413.206
1e-05 412.863
1e-05 412.515
1e-05 412.163
1e-05 411.807
1e-05 411.447
1e-05 411.083
1e-05 410.715
1e-05 410.342
1e-05 409.966
1e-05 409.586
1e-05 409.202
1e-05 408.814
1e-05 408.423
1e-05 408.029
1e-05 407.632
1e-05 407.231
1e-05 406.828
1e-05 406.423
1e-05 406.015
1e-05 405.605
1e-05 405.194
1e-05 404.78
1e-05 404.366
1e-05 403.951
1e-05 403.535
1e-05 403.119
1e-05 402.704
1e-05 402.288
1e-05 401.873
1e-05 401.459
1e-05 401.046
1e-05 400.635
1e-05 400.226
1e-05 399.819
1e-05 399.414
1e-05 399.012
1e-05 398.612
1e-05 398.216
1e-05 397.823
1e-05 397.433
1e-05 397.047
1e-05 396.665
1e-05 396.287
1e-05 395.912
1e-05 395.542
1e-05 395.177
1e-05 394.816
1e-05 394.459
1e-05 394.106
1e-05 393.759
1e-05 393.416
1e-05 393.077
1e-05 392.744
1e-05 392.415
1e-05 392.091
1e-05 391.772
1e-05 391.457
1e-05 391.147
1e-05 390.842
1e-05 390.542
1e-05 390.246
1e-05 389.955
1e-05 389.668
1e-05 389.387
1e-05 389.109
1e-05 388.837
1e-05 388.568
1e-05 388.305
1e-05 388.045
1e-05 387.79
1e-05 387.54
1e-05 387.293
1e-05 387.051
1e-05 386.813
1e-05 386.579
1e-05 386.349
1e-05 386.123
1e-05 385.901
1e-05 385.683
1e-05 385.469
1e-05 385.258
1e-05 385.051
1e-05 384.848
1e-05 384.649
1e-05 384.453
1e-05 384.26
1e-05 384.071
1e-05 383.885
1e-05 383.703
1e-05 383.524
1e-05 383.348
1e-05 383.176
1e-05 383.006
1e-05 382.84
1e-05 382.676
1e-05 382.515
1e-05 382.358
1e-05 382.203
1e-05 382.051
1e-05 381.902
1e-05 381.755
1e-05 381.611
1e-05 381.47
1e-05 381.331
1e-05 381.195
1e-05 381.061
1e-05 380.929
1e-05 380.8
1e-05 380.674
1e-05 380.549
1e-05 380.427
1e-05 380.306
1e-05 380.188
1e-05 380.072
1e-05 379.958
1e-05 379.846
1e-05 379.736
1e-05 379.628
1e-05 379.522
1e-05 379.418
1e-05 379.315
1e-05 379.214
1e-05 379.115
1e-05 379.018
1e-05 378.922
1e-05 378.827
1e-05 378.735
1e-05 378.644
1e-05 378.554
1e-05 378.466
1e-05 378.379
1e-05 378.294
1e-05 378.21
1e-05 378.127
1e-05 378.046
1e-05 377.965
1e-05 377.887
1e-05 377.809
1e-05 377.732
1e-05 377.657
1e-05 377.583
1e-05 377.51
1e-05 377.438
1e-05 377.367
1e-05 377.297
1e-05 377.228
1e-05 377.16
1e-05 377.093
1e-05 377.027
1e-05 376.962
1e-05 376.897
1e-05 376.834
1e-05 376.771
1e-05 376.71
1e-05 376.649
1e-05 376.588
1e-05 376.529
1e-05 376.47
1e-05 376.412
1e-05 376.355
1e-05 376.299
1e-05 376.243
1e-05 376.187
1e-05 376.133
1e-05 376.079
1e-05 376.025
1e-05 375.973
1e-05 375.92
1e-05 375.869
1e-05 375.818
1e-05 375.767
1e-05 375.717
1e-05 375.668
1e-05 375.619
1e-05 375.57
1e-05 375.522
1e-05 375.474
1e-05 375.427
1e-05 375.38
1e-05 375.334
1e-05 375.288
1e-05 375.243
1e-05 375.197
1e-05 375.153
1e-05 375.108
1e-05 375.064
1e-05 375.021
1e-05 374.977
1e-05 374.934
1e-05 374.892
1e-05 374.85
1e-05 374.808
1e-05 374.766
1e-05 374.724
1e-05 374.683
1e-05 374.642
1e-05 374.602
1e-05 374.562
1e-05 374.522
1e-05 374.482
1e-05 374.442
1e-05 374.403
1e-05 374.364
1e-05 374.325
1e-05 374.286
1e-05 374.248
1e-05 374.21
1e-05 374.172
1e-05 374.134
1e-05 374.097
1e-05 374.059
1e-05 374.022
1e-05 373.985
1e-05 373.948
1e-05 373.911
1e-05 373.875
1e-05 373.839
1e-05 373.803
1e-05 373.767
1e-05 373.731
1e-05 373.695
1e-05 373.659
1e-05 373.624
1e-05 373.589
1e-05 373.554
1e-05 373.519
1e-05 373.484
1e-05 373.449
1e-05 373.414
1e-05 373.38
1e-05 373.345
1e-05 373.311
1e-05 373.277
1e-05 373.243
1e-05 373.209
1e-05 373.175
1e-05 373.141
1e-05 373.108
1e-05 373.074
1e-05 373.041
1e-05 373.007
1e-05 372.974
1e-05 372.941
1e-05 372.908
1e-05 372.875
1e-05 372.842
1e-05 372.809
1e-05 372.776
1e-05 372.744
1e-05 372.711
1e-05 372.679
1e-05 372.646
1e-05 372.614
1e-05 372.581
1e-05 372.549
1e-05 372.517
1e-05 372.485
1e-05 372.453
1e-05 372.421
1e-05 372.389
1e-05 372.357
1e-05 372.325
1e-05 372.293
1e-05 372.262
1e-05 372.23
1e-05 372.198
1e-05 372.167
1e-05 372.135
1e-05 372.104
1e-05 372.073
1e-05 372.041
1e-05 372.01
1e-05 371.979
1e-05 371.947
1e-05 371.916
1e-05 371.885
1e-05 371.854
1e-05 371.823
1e-05 371.792
1e-05 371.761
1e-05 371.73
1e-05 371.699
1e-05 371.668
1e-05 371.638
1e-05 371.607
1e-05 371.576
1e-05 371.545
1e-05 371.515
1e-05 371.484
1e-05 371.454
1e-05 371.423
1e-05 371.392
1e-05 371.362
1e-05 371.331
1e-05 371.301
1e-05 371.271
1e-05 371.24
1e-05 371.21
1e-05 371.18
1e-05 371.149
1e-05 371.119
1e-05 371.089
1e-05 371.059
1e-05 371.028
1e-05 370.998
1e-05 370.968
1e-05 370.938
1e-05 370.908
1e-05 370.878
1e-05 370.848
1e-05 370.818
1e-05 370.788
1e-05 370.758
1e-05 370.728
1e-05 370.698
1e-05 370.668
1e-05 370.638
1e-05 370.608
1e-05 370.579
1e-05 370.549
1e-05 370.519
1e-05 370.489
1e-05 370.459
1e-05 370.43
1e-05 370.4
1e-05 370.37
1e-05 370.341
1e-05 370.311
1e-05 370.281
1e-05 370.252
1e-05 370.222
1e-05 370.192
1e-05 370.163
1e-05 370.133
1e-05 370.104
1e-05 370.074
1e-05 370.045
1e-05 370.015
1e-05 369.986
1e-05 369.956
1e-05 369.927
1e-05 369.897
1e-05 369.868
1e-05 369.839
1e-05 369.809
1e-05 369.78
1e-05 369.75
1e-05 369.721
1e-05 369.692
1e-05 369.662
1e-05 369.633
1e-05 369.604
1e-05 369.575
1e-05 369.545
1e-05 369.516
1e-05 369.487
1e-05 369.458
1e-05 369.428
1e-05 369.399
1e-05 369.37
1e-05 369.341
1e-05 369.312
1e-05 369.283
1e-05 369.253
1e-05 369.224
1e-05 369.195
1e-05 369.166
1e-05 369.137
1e-05 369.108
1e-05 369.079
1e-05 369.05
1e-05 369.021
1e-05 368.992
1e-05 368.963
1e-05 368.934
1e-05 368.905
1e-05 368.876
1e-05 368.847
1e-05 368.818
1e-05 368.789
1e-05 368.76
1e-05 368.731
1e-05 368.702
1e-05 368.673
1e-05 368.644
1e-05 368.615
1e-05 368.586
1e-05 368.557
1e-05 368.528
1e-05 368.5
1e-05 368.471
1e-05 368.442
1e-05 368.413
1e-05 368.384
1e-05 368.355
1e-05 368.327
1e-05 368.298
1e-05 368.269
1e-05 368.24
1e-05 368.211
1e-05 368.183
1e-05 368.154
1e-05 368.125
1e-05 368.096
1e-05 368.068
1e-05 368.039
1e-05 368.01
1e-05 367.981
1e-05 367.953
1e-05 367.924
1e-05 367.895
1e-05 367.867
1e-05 367.838
1e-05 367.809
1e-05 367.781
1e-05 367.752
1e-05 367.723
1e-05 367.695
1e-05 367.666
1e-05 367.638
1e-05 367.609
1e-05 367.58
1e-05 367.552
1e-05 367.523
1e-05 367.495
1e-05 367.466
1e-05 367.437
1e-05 367.409
1e-05 367.38
1e-05 367.352
1e-05 367.323
1e-05 367.295
1e-05 367.266
1e-05 367.238
1e-05 367.209
1e-05 367.181
1e-05 367.152
1e-05 367.124
1e-05 367.095
1e-05 367.067
1e-05 367.038
1e-05 367.01
1e-05 366.981
1e-05 366.953
1e-05 366.924
1e-05 366.896
1e-05 366.867
1e-05 366.839
1e-05 366.811
1e-05 366.782
1e-05 366.754
1e-05 366.725
1e-05 366.697
1e-05 366.669
1e-05 366.64
1e-05 366.612
1e-05 366.583
1e-05 366.555
1e-05 366.527
1e-05 366.498
1e-05 366.47
1e-05 366.442
1e-05 366.413
1e-05 366.385
1e-05 366.357
1e-05 366.328
1e-05 366.3
1e-05 366.272
1e-05 366.243
1e-05 366.215
1e-05 366.187
1e-05 366.159
1e-05 366.13
1e-05 366.102
1e-05 366.074
1e-05 366.045
1e-05 366.017
1e-05 365.989
1e-05 365.961
1e-05 365.932
1e-05 365.904
1e-05 365.876
1e-05 365.848
1e-05 365.82
1e-05 365.791
1e-05 365.763
1e-05 365.735
1e-05 365.707
1e-05 365.678
1e-05 365.65
1e-05 365.622
1e-05 365.594
1e-05 365.566
1e-05 365.538
1e-05 365.509
1e-05 365.481
1e-05 365.453
1e-05 365.425
1e-05 365.397
1e-05 365.369
1e-05 365.341
1e-05 365.312
1e-05 365.284
1e-05 365.256
1e-05 365.228
1e-05 365.2
1e-05 365.172
1e-05 365.144
1e-05 365.116
1e-05 365.088
1e-05 365.059
1e-05 365.031
1e-05 365.003
1e-05 364.975
1e-05 364.947
1e-05 364.919
1e-05 364.891
1e-05 364.863
1e-05 364.835
1e-05 364.807
1e-05 364.779
1e-05 364.751
1e-05 364.723
1e-05 364.695
1e-05 364.667
1e-05 364.639
1e-05 364.611
1e-05 364.583
1e-05 364.555
1e-05 364.527
1e-05 364.499
1e-05 364.471
1e-05 364.443
1e-05 364.415
1e-05 364.387
1e-05 364.359
1e-05 364.331
1e-05 364.303
1e-05 364.275
1e-05 364.247
1e-05 364.219
1e-05 364.191
1e-05 364.163
1e-05 364.135
1e-05 364.107
1e-05 364.079
1e-05 364.051
1e-05 364.023
1e-05 363.995
1e-05 363.967
1e-05 363.94
1e-05 363.912
1e-05 363.884
1e-05 363.856
1e-05 363.828
1e-05 363.8
1e-05 363.772
1e-05 363.744
1e-05 363.716
1e-05 363.688
1e-05 363.661
1e-05 363.633
1e-05 363.605
1e-05 363.577
1e-05 363.549
1e-05 363.521
1e-05 363.493
1e-05 363.466
1e-05 363.438
1e-05 363.41
1e-05 363.382
1e-05 363.354
1e-05 363.326
1e-05 363.299
1e-05 363.271
